F1,F2,F3,F4,F5,F6,F7,F8,F9,F10,F11,F12,F13,F14,F15,Class
9.07,34.65,31.22,-10.71,55,39.45,-1.68,-5.98,3.72,20,16.23,-241.52,-7.54,13.7,-6.41,False
6.86,99.65,31.22,-11.41,50,30.45,5.55,-8.42,7.11,20,28.47,-421.52,-8.1,14.5,,False
10.87,21.65,25.22,-5.98,12,2.91,9.81,-0.36,-12.66,2,30.87,-254.52,0.24,0.4,,False
11.27,13.65,25.22,-6.18,33,1.77,1.92,1.84,-2.49,2,27.99,-234.52,0.2,0.3,,False
10.19,27.65,29.22,-6.21,30,4.47,1.35,-0.5,-8.19,2,27.63,-266.52,0.44,1.76,,True
5.57,114.65,31.22,-13.11,105,31.95,1.83,-9.22,9.33,20,15.9,-371.52,-10.82,12.8,,True
7.83,-30.35,71.22,-12.11,355,43.65,0.36,-7.64,-1.65,20,19.8,-436.52,-5.66,10.4,,False
11.98,37.65,25.22,-6.22,15,4.56,1.14,1.82,-5.07,2,28.26,-269.52,-0.26,1.56,,True
6.93,-65.35,71.22,-10.66,125,25.35,-3.12,-7.86,3.51,20,19.71,-376.52,-9.6,17.1,,False
14.03,44.65,25.22,-6.02,5,0.84,1.92,-0.4,-2.34,2,27.81,-242.52,-1.78,1.68,-8.42,True
6.12,-45.35,51.22,-11.01,95,22.8,-1.11,-9.7,1.59,20,16.8,-316.52,-9.68,16.1,-7.24,False
11.46,36.65,21.22,-5.91,18,1.92,4.26,1.84,-2.52,2,29.67,-240.52,-1.42,1.34,,True
7.15,89.65,31.22,-14.76,350,16.05,10.83,-9.06,11.13,20,13.17,-376.52,-12.08,16.4,,False
11.28,17.65,25.22,-6.21,17,0.3,4.47,0.34,-2.73,2,28.23,-269.52,-1.24,1.08,,False
8.23,19.65,51.22,-11.96,230,24.45,1.89,-4.38,6.84,20,21.63,-461.52,-6.68,11.9,-7.05,False
11.96,47.65,25.22,-6.13,10,1.11,4.8,-1.56,-3.03,2,29.55,-223.52,-1.8,0.9,,True
10.61,47.65,21.22,-5.93,9,1.62,3.81,0.24,-3.15,2,27.27,-233.52,-2,1.7,,True
14.5,25.65,25.22,-5.88,16,2.55,6.45,3.48,-15.9,2,28.53,-232.52,2.22,0.66,,False
11.76,25.65,23.22,-5.94,0,2.25,1.5,-0.04,-5.91,2,28.32,-239.52,-0.52,0.84,,False
5.41,119.65,51.22,-14.71,185,32.85,-0.24,-7.6,6.93,20,14.73,-356.52,-11.86,10.1,,True
6.51,-55.35,51.22,-12.11,110,20.1,-3.39,-9.6,5.49,20,16.2,-406.52,-6.72,12.8,,False
6.37,109.65,51.22,-13.01,85,31.95,-2.82,-7.72,6.27,20,16.47,-451.52,-8.38,10.3,,False
11.01,39.65,21.22,-5.99,4,3.87,1.95,-0.74,-7.98,2,28.14,-249.52,1.14,1.62,,True
7.2,19.65,51.22,-12.41,130,18.3,-1.32,-1.7,10.5,20,18.45,-446.52,-8.86,17.1,,True
11.98,14.65,25.22,-5.88,12,4.8,-0.06,-0.56,-6.33,2,31.2,-269.52,2.92,0.66,,False
7.29,24.65,61.22,-10.71,215,29.4,-1.95,3.74,6.9,20,20.49,-441.52,-9.22,19.4,,False
11.97,18.65,29.22,-6.11,2,4.17,2.94,11.96,-13.77,2,34.53,-226.52,1.22,0.32,,True
8.07,-20.35,71.22,-11.46,300,43.8,-3.18,-5.38,3.75,20,15.03,-376.52,-7.88,14.7,-5.48,False
11.03,40.65,21.22,-6.29,74,4.83,1.86,0.7,-4.89,2,27.3,-227.52,0.44,1.06,,True
11.65,47.65,25.22,-5.92,15,0.57,5.61,0.36,-7.35,2,28.14,-232.52,8.84,1.5,,True
7.05,54.65,31.22,-12.56,215,29.55,1.08,-8.74,7.59,20,15.66,-326.52,-10.92,15.1,-8.67,True
7.11,54.65,31.22,-12.86,285,18.9,3.24,-9.86,10.11,20,15.63,-341.52,-9.74,10.7,,False
5.33,54.65,31.22,-14.81,330,16.8,7.17,-4.36,8.49,20,12.42,-376.52,-9.24,15.6,-8.07,False
7.02,-40.35,51.22,-11.46,170,15.75,-2.64,-9.16,4.32,20,19.5,-466.52,-8.6,17.1,,False
5.83,-45.35,51.22,-13.16,170,24.6,5.61,-6.26,10.89,20,16.62,-426.52,-8.44,15.5,-9.59,True
12.68,11.65,29.22,-5.77,6,5.67,3.75,0.24,-5.91,2,28.98,-263.52,0.1,1.28,,True
10.96,12.65,25.22,-6.14,17,4.59,1.47,-0.94,-2.46,2,30.09,-236.52,-1.26,1.82,,True
10.25,45.65,25.22,-5.7,25,5.04,8.85,-1.32,-2.79,2,28.02,-230.52,0.32,1.6,,False
8.02,-15.35,51.22,-11.21,370,32.7,2.94,-5.3,4.62,20,21.57,-446.52,-6.92,13.4,-6.92,False
9.64,74.65,31.22,-11.66,345,33.9,5.43,-9.54,10.29,20,14.19,-246.52,-2.76,11.7,-7.38,False
6.91,4.65,51.22,-10.81,20,19.95,-3.81,-7.84,5.94,20,16.65,-346.52,-9.88,16,-7.19,False
7.75,54.65,31.22,-11.51,95,39.15,-3.54,-7.18,1.08,20,24.87,-281.52,-8.4,13.6,-7.76,True
7.76,-5.35,51.22,-11.71,160,44.85,-0.33,-7.42,6.48,20,17.61,-396.52,-7.8,10.7,-6.15,False
6.35,64.65,51.22,-13.46,275,28.35,2.46,-8.3,13.23,20,18.57,-371.52,-10.7,18.4,-8.52,True
8.56,44.65,31.22,-10.81,150,17.7,1.38,-9.22,4.83,20,15.45,-341.52,-5.1,15.6,-7.68,False
10.98,34.65,21.22,-6.31,1,5.61,2.52,1.2,-6.87,2,33.51,-254.52,-0.68,1.52,,True
10.81,30.65,21.22,-6.3,12,5.4,3.81,-0.8,-5.97,2,28.17,-227.52,-1.94,0.7,-8.98,True
5.61,69.65,31.22,-13.86,170,21,3.21,-3.92,5.34,20,21.45,-391.52,-11.3,11.3,,False
6.33,54.65,51.22,-10.66,345,27,14.13,-10.04,10.17,20,23.13,-331.52,-9.56,20,,False
5.21,74.65,51.22,-14.26,255,19.5,3.03,-10.78,11.7,20,15.03,-426.52,-8.2,17.1,,True
8.59,-45.35,51.22,-12.56,90,15.75,-3.21,-8,3,20,16.2,-441.52,-8.98,11.8,-6.57,False
10.74,39.65,21.22,-5.47,16,6.33,0.93,0.08,-5.55,2,36.63,-261.52,-0.78,1.54,,False
14.63,19.65,25.22,-5.82,39,5.52,0.63,-0.5,-5.82,2,30,-260.52,0.54,0.36,-7.15,False
13.48,12.65,25.22,-5.98,27,2.19,4.29,4.32,-5.4,2,32.79,-259.52,0.46,1.02,-6.92,False
11.21,50.65,25.22,-6.21,35,4.98,6.09,6.6,-4.08,2,30.6,-260.52,-1.86,1.9,,True
7.75,44.65,51.22,-13.86,255,19.95,2.7,-9.8,11.28,20,12.3,-391.52,-11.16,14,-7.84,True
9.57,-35.35,71.22,-10.36,85,28.65,-2.49,-7.24,4.71,20,20.88,-421.52,-5.7,14.8,,False
12.04,40.65,25.22,-5.65,5,1.89,4.2,-1.42,-3.66,2,32.1,-226.52,-1.14,1.52,,False
10.63,27.65,25.22,-5.64,24,5.46,0.3,-0.02,-7.92,2,30.84,-231.52,-1.48,1.98,,True
5.33,99.65,51.22,-14.16,175,22.35,4.95,-12,13.32,20,12.93,-281.52,-10.32,13.1,-9.51,True
13.26,48.65,21.22,-6.26,21,2.04,8.64,3.5,-5.94,2,27.42,-243.52,-1.48,1.28,-8.41,True
5.3,29.65,51.22,-13.31,330,40.35,-1.77,-6.72,11.4,20,14.73,-346.52,-11.36,13.9,,True
4.7,69.65,31.22,-14.71,265,22.2,2.22,-9.26,13.98,20,14.73,-246.52,-11.68,13.1,,True
10.06,19.65,25.22,-6.2,12,1.92,2.04,-1.62,-1.71,2,30.51,-232.52,1.5,1.88,,True
11.56,17.65,29.22,-5.78,58,5.52,0.24,1.8,-7.08,0,30.36,-270.52,0.08,1.64,-8.09,False
10.67,22.65,29.22,-6.12,48,3.96,8.22,7.6,-3.03,2,27.81,-259.52,-1,0.08,-7.74,False
12.4,46.65,25.22,-5.95,63,5.7,6.42,0.18,-2.19,2,28.14,-238.52,-1.6,1.94,-8.32,True
6.57,39.65,31.22,-12.36,215,24.9,1.26,-10.24,7.95,20,15.12,-256.52,-7.64,10.3,,False
10.61,13.65,25.22,-6.1,52,4.38,1.08,-0.02,-7.83,2,28.62,-261.52,-1.12,0.36,-6.88,False
5.77,99.65,51.22,-15.01,150,21.15,2.52,-11.42,12.81,20,16.8,-396.52,-10.84,14.3,-8.21,True
7.42,49.65,51.22,-11.01,35,31.65,7.44,-2.82,6.84,20,16.65,-431.52,-4.58,15.2,-7.51,False
10.34,20.65,29.22,-5.77,68,5.22,1.71,-1.04,-5.01,2,28.83,-243.52,5.14,0.78,-7.48,False
6.29,29.65,31.22,-11.01,255,27.6,6.99,-3.78,4.65,20,16.23,-336.52,-8.94,14.2,,False
5.44,39.65,31.22,-14.96,205,32.25,10.41,-4.76,6.99,20,12.45,-341.52,-12.08,10.1,,True
7.95,-60.35,71.22,-10.86,345,28.2,0.9,-5.16,4.05,20,22.35,-446.52,-5.06,12.4,,False
5.96,-45.35,51.22,-12.06,25,19.2,1.08,-5.82,3.99,20,15.21,-261.52,-9.92,10.3,-5.83,False
10.29,44.65,25.22,-6.3,35,4.71,7.38,8.26,-6.93,2,32.31,-261.52,-1.56,0.72,-8.77,True
7.54,94.65,31.22,-11.31,60,25.35,4.62,-7.8,8.73,20,19.17,-416.52,-7.88,14.9,-6.16,False
11.07,13.65,29.22,-5.83,25,0.81,1.71,-0.42,-8.1,2,32.76,-245.52,-1.24,1.26,-6.83,False
11.78,36.65,21.22,-6.15,6,1.71,2.88,-2,-8.58,2,38.73,-234.52,-0.24,1.76,,True
12.43,22.65,29.22,-5.58,18,4.77,7.74,-0.14,-7.56,2,33.15,-242.52,-0.92,0.44,-7.65,False
8.72,114.65,31.22,-11.61,20,19.2,0.36,-5.96,6.42,20,18.03,-371.52,-8.68,11.1,-6.15,False
11.91,32.65,25.22,-5.52,1,4.62,8.85,2.42,-11.13,2,33.03,-259.52,1.4,2.02,,False
12.38,23.65,29.22,-5.79,44,3.69,0.63,-1.12,-4.05,2,33.48,-256.52,3.1,0.78,,False
14.3,24.65,29.22,-5.56,4,1.62,0.21,-1.08,-6.75,2,33.48,-251.52,-0.36,1.18,,False
10.53,10.65,25.22,-5.53,5,1.77,1.05,-0.4,-8.91,2,30.42,-226.52,7.08,1.38,-7.55,False
10.4,16.65,25.22,-5.73,6,2.85,0.54,1.5,-5.91,2,34.41,-246.52,2.16,1.46,,False
9.99,84.65,51.22,-10.91,85,27.6,-2.61,-7.5,7.56,20,20.58,-261.52,-9.08,11.6,-7.28,False
6.93,29.65,51.22,-14.21,200,18.15,0.9,-10.94,13.56,20,18.84,-381.52,-12.28,17.4,-9.27,True
11.43,20.65,29.22,-6.02,40,5.31,0.48,1.02,-6.57,2,38.19,-243.52,0.5,0.3,-7.64,False
10.64,38.65,25.22,-5.68,18,4.5,6.66,-1.22,-19.53,2,29.34,-241.52,4.48,1.28,,False
10.85,21.65,29.22,-6.07,24,4.62,0.96,-1.52,-3.27,2,28.05,-231.52,0.04,1.44,-8.76,True
15.01,10.65,25.22,-5.31,17,5.73,2.1,1.96,-4.05,2,29.13,-264.52,4.96,0.58,-7.12,False
10.94,21.65,29.22,-5.44,8,5.19,1.35,-0.86,-4.26,2,28.14,-263.52,1.3,1.62,,True
11.33,26.65,25.22,-5.94,16,5.46,1.86,-0.56,-2.91,2,28.17,-250.52,-0.9,1.16,,True
7.61,-25.35,51.22,-12.16,315,43.35,-2.91,-9.02,6.15,20,17.07,-386.52,-5.1,11.3,-7.49,False
13.11,14.65,25.22,-5.83,16,3.54,3.15,0.68,-3.72,2,36.51,-244.52,0.28,0.74,-6.29,False
6.67,19.65,51.22,-12.36,355,32.85,0.6,-9.96,9.21,20,14.28,-341.52,-9.06,11.9,-7.37,False
6.12,39.65,31.22,-11.46,260,21.15,8.34,-9.56,6.84,20,15.9,-311.52,-6.02,14.2,,False
10.43,16.65,29.22,-5.9,13,2.43,0.84,3.16,-6.78,2,33.12,-268.52,3.6,1.58,,True
10.31,42.65,21.22,-6.03,21,2.13,1.5,-0.96,-7.38,2,40.17,-242.52,0.5,1.74,-9.28,True
11.71,45.65,25.22,-5.47,13,4.32,6.9,0.26,-7.92,2,32.07,-254.52,0.4,1.52,,False
5.46,24.65,41.22,-14.36,315,19.65,5.46,-11.76,11.19,20,12,-386.52,-10.82,13.5,,False
10.25,24.65,25.22,-6.11,7,2.34,2.52,1.96,-7.14,2,31.05,-232.52,-0.76,0.18,-7.04,False
10.83,13.65,25.22,-5.66,8,5.1,-0.03,-0.18,-3.45,2,30.06,-260.52,-1.54,1.9,,True
6.39,4.65,71.22,-11.86,65,24.45,6.57,-9.24,9.15,20,30.27,-376.52,-3.84,12.5,-5.98,False
11.2,11.65,23.22,-5.66,0,4.86,-0.54,3.98,-5.52,2,29.88,-248.52,-1.38,0.84,,True
10.61,16.65,25.22,-6.21,42,1.47,1.62,0.56,-4.02,2,28.17,-263.52,1.96,1.34,-8.88,True
7.06,94.65,51.22,-10.46,55,29.25,10.2,-8.72,8.46,20,16.47,-456.52,-9.14,18.8,,False
11.37,27.65,29.22,-5.98,16,2.91,2.01,0.28,-10.08,2,32.76,-256.52,-1.4,1.72,-8.94,True
8.36,-70.35,71.22,-12.36,350,17.55,-1.38,-5.4,11.04,20,15.81,-411.52,-10.1,17.2,,True
11.19,26.65,29.22,-5.45,2,3.9,0.39,0.56,-4.95,2,30.15,-250.52,2.12,0.84,,False
12.57,37.65,25.22,-5.67,1,3.84,2.7,-0.58,-14.76,2,30.69,-229.52,0.06,0.36,-6.25,False
12.78,33.65,25.22,-6.21,6,0.96,1.71,-0.88,-6.39,2,35.91,-266.52,0.24,1.14,-7.68,False
11.11,36.65,25.22,-6.12,14,5.88,3.36,2.12,-2.55,2,35.94,-251.52,4.68,1.6,-8.07,True
10.04,18.65,25.22,-6.15,33,3.15,1.5,-0.68,-3.3,2,33.9,-238.52,1.84,1.96,-8.38,True
10.56,18.65,29.22,-5.97,29,0.15,6.69,2.24,-4.17,2,27.99,-243.52,-0.88,1.42,,False
11.34,36.65,21.22,-5.83,15,4.32,8.97,-1.28,-19.56,2,36.72,-246.52,-1.24,1.26,,False
10.73,41.65,25.22,-6.03,65,4.11,2.52,-0.94,-5.79,2,33.27,-261.52,3.54,1.34,,True
7.3,-55.35,71.22,-11.06,365,46.05,-1.02,-7.44,-1.08,20,19.92,-381.52,-7.76,10.7,-6.91,False
5.92,104.65,31.22,-12.96,215,20.7,3.39,-7.64,10.83,20,12.24,-266.52,-9.1,16,-7.7,False
6.06,64.65,31.22,-13.41,335,25.8,2.73,-0.86,8.82,20,14.49,-386.52,-10.92,14.6,,False
10.73,31.65,25.22,-5.92,11,4.05,5.28,2.3,-4.32,2,31.53,-244.52,1.78,0.3,,False
5.67,59.65,31.22,-12.01,185,26.25,2.52,-7.4,10.74,20,14.25,-296.52,-1.64,13.5,-7.79,False
11.06,10.65,29.22,-5.9,7,5.31,-0.9,0.02,-4.41,2,32.19,-235.52,5.72,0.44,-8.33,True
10.83,12.65,25.22,-6.17,36,4.47,0.78,9.46,-10.26,2,29.31,-263.52,-0.84,0.08,,False
13.07,9.65,25.22,-6.13,26,0.84,1.86,-0.84,-8.82,2,32.25,-255.52,1.8,1.9,-8.73,True
8.63,-15.35,71.22,-11.21,195,38.25,-1.74,-7.22,3.66,20,20.94,-446.52,-8.42,14.6,-7.29,False
6.22,39.65,31.22,-11.76,50,17.25,2.01,-9.96,8.73,20,15.96,-341.52,-10.26,14,,False
12.48,12.65,29.22,-5.81,43,1.05,3.12,-0.44,-10.56,2,31.29,-269.52,-0.92,1.88,,False
11.18,38.65,25.22,-5.89,3,3.27,5.82,1.42,-3.45,2,30.9,-250.52,-0.6,1.02,,False
12.09,44.65,21.22,-6.27,23,6.15,1.11,-1.48,-2.73,2,27.87,-231.52,-0.9,2.16,-7.85,True
7.35,19.65,71.22,-10.91,130,27.6,-3.45,-7.46,4.59,20,16.71,-291.52,-8.08,12.3,-6.28,False
6.15,94.65,51.22,-11.81,95,23.4,-0.81,-9.9,10.26,20,15.78,-286.52,-5.88,13.9,-8.73,True
6.93,49.65,51.22,-10.81,255,15.75,1.83,-10.06,11.37,20,15.18,-261.52,-10.42,17.2,-7.44,False
6.72,114.65,31.22,-14.91,80,25.2,1.05,-11.72,12.33,20,12.63,-366.52,-7.6,10.3,-7.98,True
9.14,114.65,31.22,-15.01,160,34.05,1.38,-9.44,7.68,20,13.62,-446.52,-5.9,11.9,,True
10.14,45.65,21.22,-6.14,11,4.11,14.67,1.46,-8.61,2,28.05,-243.52,0.3,1.7,,True
10.75,14.65,29.22,-6.01,31,2.19,0.69,-1.12,-4.5,2,34.77,-253.52,0.68,1.78,,True
10.46,11.65,29.22,-5.98,6,5.49,3.9,-0.34,-3.39,2,32.04,-245.52,-0.88,1.32,,True
10.59,18.65,29.22,-6.24,35,6.12,6.87,1.94,-4.71,2,37.59,-262.52,-1.34,1.62,,True
6.68,-60.35,71.22,-11.41,240,33.75,0.66,-8.04,1.32,20,19.53,-426.52,-6.38,14.3,-6.76,False
10.07,31.65,25.22,-6.28,3,2.31,1.41,-1.82,-3.36,2,27.24,-244.52,-0.82,1.14,,True
7.58,-30.35,51.22,-10.81,290,26.4,1.68,-10.34,10.74,20,16.44,-276.52,-9.52,16.7,-9.11,True
6.06,-75.35,71.22,-11.01,200,27.9,-3.54,-9.66,5.49,20,17.13,-331.52,-9.58,16.5,,False
6.31,29.65,31.22,-13.51,25,19.5,-1.62,-10.54,9.36,20,17.64,-416.52,-11.4,15.6,,True
7.09,114.65,51.22,-10.46,175,27.3,5.1,-4.66,6.48,20,19.8,-281.52,-6.56,10.5,-6.28,False
10.36,23.65,25.22,-5.98,15,3.99,2.49,0.14,-6.48,2,33.09,-244.52,3.24,1.44,,True
8.42,34.65,31.22,-14.01,170,17.25,4.98,-10.74,10.8,20,13.98,-416.52,-8.22,16.6,,True
12.84,23.65,25.22,-5.99,33,0.45,2.46,-1.54,-3.18,2,29.49,-243.52,0.02,1.46,-8.26,True
10.44,16.65,25.22,-6.35,54,3.33,5.04,-1.76,-5.55,2,27.45,-251.52,6.48,0.76,-7.21,True
10.59,20.65,29.22,-5.61,11,3,1.62,-1.6,-4.47,0,27.3,-225.52,1.96,1.32,-8.14,True
6.64,104.65,51.22,-10.86,65,25.5,-1.8,-7.32,8.13,20,16.92,-406.52,-8.46,16.3,,False
10.39,18.65,29.22,-6.2,9,4.59,-0.09,-1.78,-2.01,2,34.11,-241.52,-1.78,1.94,,True
6.95,-55.35,71.22,-11.91,280,31.2,-3.99,-7.38,7.14,20,16.38,-361.52,-9.96,16.7,,True
10.32,129.65,51.22,-10.61,35,35.85,-3.09,-7.94,4.83,20,20.04,-396.52,-2.24,14,,False
5.97,-30.35,51.22,-11.71,365,30.15,6.84,-9.44,2.67,20,22.2,-326.52,-10.12,13.1,-5.72,False
5.77,79.65,31.22,-11.86,175,34.95,2.07,-6.68,11.25,20,17.82,-306.52,-10.68,14.8,-9.04,True
7.08,119.65,31.22,-11.41,30,16.8,2.76,-4.48,6.27,20,16.68,-376.52,-8.16,13.9,,False
11.91,39.65,21.22,-5.98,29,3.99,3.39,-1.48,-6.27,2,28.08,-264.52,-0.32,1.38,,False
11.73,10.65,29.22,-5.92,8,3.42,0.12,-1.2,-8.13,2,29.31,-244.52,-0.36,0.6,,True
10.47,36.65,25.22,-5.6,21,4.86,3.39,-1.24,-3.63,2,33.54,-260.52,0.38,1.92,,False
10.17,59.65,31.22,-12.06,50,31.95,-3.24,-8.28,6.84,20,28.26,-426.52,-6.38,10.7,-7.01,False
10.45,25.65,25.22,-5.55,6,2.73,4.38,0.96,-3.81,2,31.56,-240.52,0,1.24,,False
11.48,48.65,25.22,-5.87,32,4.17,1.35,1.12,-3.3,2,29.61,-249.52,6.92,1.88,,True
10.52,20.65,29.22,-6.19,49,4.86,1.47,0.96,-3.84,2,27.66,-258.52,6.16,0.48,,False
5.99,9.65,51.22,-13.51,325,21.15,4.8,-9.54,8.94,20,14.22,-406.52,-10.32,10.7,-6.6,False
5.87,109.65,31.22,-10.81,370,19.05,3.81,-9.58,7.35,20,22.62,-221.52,-9.78,19.6,,False
10.15,23.65,25.22,-6.33,6,6.03,5.46,-0.92,-5.28,2,29.79,-246.52,3,0.72,,True
10.29,32.65,25.22,-6.29,9,1.2,0.99,0.86,-4.17,2,29.19,-261.52,0.64,0.52,-7.82,False
6.42,64.65,31.22,-10.36,70,26.25,-2.04,-6.2,9,20,29.91,-246.52,-7.98,14.4,-6.41,False
5.63,29.65,51.22,-11.71,100,17.25,1.05,-10.72,10.89,20,15.21,-361.52,-11.08,18.9,,True
10.32,10.65,25.22,-5.42,20,1.62,1.14,-1.12,-6.06,0,29.67,-245.52,-0.26,1.24,-6.5,False
8.62,-75.35,51.22,-13.56,205,20.25,-2.13,-9.12,9.51,20,18.51,-426.52,-9.02,12.4,,True
10.4,12.65,25.22,-5.62,20,5.67,-0.18,3.1,-3.72,2,30.24,-240.52,-0.02,1.82,,True
10.59,15.65,25.22,-5.84,12,2.28,8.61,2.72,-3.66,2,29.94,-271.52,-1.56,1.76,,False
10.67,24.65,25.22,-5.53,23,5.61,3.09,1.26,-5.52,2,33.09,-245.52,0.8,0.96,-6.97,False
6.16,74.65,51.22,-11.26,305,21.3,2.73,-10.5,10.35,20,14.4,-281.52,-9.88,17.3,-7.45,False
5.86,-5.35,51.22,-13.36,255,24.3,-0.54,-8.72,10.68,20,16.56,-431.52,-11.3,16.9,-8.28,True
11.46,25.65,29.22,-6.21,48,6.27,5.52,-1.26,-7.77,2,50.13,-258.52,-1.62,1.04,-8.45,True
11.04,17.65,25.22,-5.94,3,1.41,1.8,6.66,-12.12,2,34.71,-239.52,-0.74,1.8,,True
6.5,74.65,31.22,-13.31,285,30.3,4.47,-10.82,9.12,20,13.35,-406.52,-11.92,17.3,,False
7.5,99.65,31.22,-11.51,280,42.15,2.7,-11.44,8.28,20,13.65,-271.52,-12.1,19.9,-7.85,True
5.84,14.65,71.22,-11.16,320,34.95,-1.14,-5.26,6.42,20,14.76,-226.52,-9.98,19,,True
10.03,35.65,25.22,-6.3,28,2.19,3.36,1.58,-3.57,2,26.85,-234.52,-0.84,0.88,,True
10.91,12.65,25.22,-5.39,1,2.85,2.73,0.42,-4.92,2,28.59,-243.52,1.76,1.48,,False
6.43,79.65,51.22,-12.56,20,28.2,-1.65,-9.22,6.12,20,17.43,-371.52,-8.96,10.1,,False
5.68,29.65,41.22,-11.96,5,31.35,-3.96,-8.38,7.44,20,20.73,-261.52,-8.44,12,-8.21,False
15.28,16.65,29.22,-6.1,36,4.92,3.27,-0.96,-2.73,2,35.52,-233.52,2.04,0.52,,True
10.83,45.65,25.22,-5.34,8,4.86,1.17,-0.62,-6.96,2,31.47,-255.52,-0.34,1.7,,False
12.2,40.65,25.22,-6.03,4,4.11,2.76,0.74,-2.49,2,34.47,-234.52,-1.48,1.1,,True
11.49,44.65,25.22,-5.98,7,2.34,4.77,-1.38,-5.37,2,27.78,-252.52,0.64,0.7,-7.3,False
11.28,38.65,21.22,-5.98,15,4.65,6.66,-1.1,-2.82,2,29.19,-268.52,-1.6,1.44,-7.45,False
6.12,-20.35,51.22,-10.81,55,23.55,0.81,-7.38,6.48,20,15.15,-346.52,-10.42,18.1,-6.76,False
6.79,99.65,51.22,-10.61,15,19.95,-1.05,-5.6,7.32,20,17.52,-266.52,-8.58,10.7,-8.03,False
10.41,13.65,25.22,-6.24,55,0.66,2.76,0.3,-15.24,2,35.94,-259.52,0.44,1.32,-7.61,True
10.97,23.65,29.22,-5.88,33,2.4,0.96,0.78,-5.4,2,31.62,-235.52,5.88,0.68,-6.7,False
12.22,30.65,25.22,-5.57,4,6.12,4.26,-1.22,-3,2,33.09,-229.52,0.52,1.78,,True
8.56,34.65,31.22,-10.66,125,23.1,0.21,-5.34,3.84,20,25.56,-426.52,-3.72,11.2,,False
11.8,23.65,25.22,-6.05,54,3.21,3.15,0.42,-9.33,2,33.3,-269.52,4.44,1.3,-6.85,False
10.56,25.65,29.22,-6.04,70,2.97,4.77,1.74,-3.03,2,29.04,-263.52,-1.52,1.38,-9.67,True
10.32,22.65,25.22,-5.89,68,5.64,4.74,-1.16,-3.12,2,27.57,-258.52,-0.9,1.38,-7.8,False
7.2,119.65,51.22,-10.81,95,22.8,8.13,-7.2,6.96,20,20.46,-301.52,-8.04,11.9,-6.97,False
5.43,54.65,51.22,-13.31,325,25.95,2.04,-9.08,10.02,20,17.82,-291.52,-5.24,12.3,-6.49,False
6.9,-5.35,51.22,-10.36,175,21.3,-1.11,-6.88,8.1,20,16.17,-371.52,-6.82,16.7,,False
5.84,-10.35,51.22,-15.41,375,22.8,2.64,-5.32,6.69,20,18,-321.52,-6.9,11.2,-8.16,True
5.78,94.65,31.22,-11.16,35,21.45,2.19,-7.22,10.68,20,19.62,-386.52,-6,19,-7.82,False
10.7,22.65,25.22,-5.48,2,3.15,5.61,0.5,-6.27,2,32.97,-232.52,1.46,0.9,,False
11.52,42.65,21.22,-5.84,3,1.32,5.07,0.76,-2.88,2,27.3,-235.52,-0.16,1.5,-8.17,True
11.09,-30.35,51.22,-11.36,365,17.1,2.97,-6.88,6,20,23.04,-446.52,-9.12,17.3,,False
12.96,20.65,29.22,-6.1,1,0.78,2.82,-1.66,-22.44,2,34.47,-249.52,-0.2,1.58,,True
10.17,13.65,29.22,-5.82,72,3.66,6.39,0.14,-3.06,2,28.02,-229.52,-1.68,1.64,-7.51,True
5.41,-0.35,71.22,-10.66,325,16.5,0.75,-10.34,11.22,20,17.55,-226.52,-8.82,18.5,-8.9,True
7.62,114.65,31.22,-11.66,255,45.75,1.86,-10.58,12.03,20,13.08,-281.52,-11.1,18.2,,True
5.58,54.65,51.22,-12.56,335,18.75,2.43,-9,7.71,20,17.04,-321.52,-7.68,15.8,,False
10.56,23.65,29.22,-6.24,15,4.59,1.83,2.54,-5.28,2,32.01,-263.52,1.6,0.66,,True
5.82,119.65,51.22,-11.31,100,20.85,1.26,-6.34,8.85,20,16.29,-241.52,-10.38,18.7,,True
5.67,74.65,31.22,-11.31,325,37.2,2.37,-9.96,5.43,20,15.24,-361.52,-9.6,18.1,,False
11.56,20.65,25.22,-6.34,26,3.57,5.07,2.38,-2.79,2,28.23,-232.52,2.64,0.5,,True
13.97,19.65,29.22,-6.24,50,2.67,1.11,2.32,-10.98,2,29.61,-252.52,-0.78,0.96,-8,True
11.39,18.65,29.22,-6.12,24,4.44,-0.27,-1.88,-2.31,2,38.16,-232.52,5.3,1.6,,True
7.24,84.65,31.22,-10.86,55,32.25,4.92,-7.96,3.57,20,17.04,-416.52,-6.06,15.2,,False
13.51,44.65,25.22,-5.91,10,2.55,1.2,-0.54,-6.6,2,30.27,-240.52,2.04,0.56,-7.46,False
11.02,47.65,25.22,-6.09,6,5.34,4.14,-0.78,-9.27,2,31.05,-230.52,-0.8,0.28,,False
10.55,19.65,29.22,-6.29,65,3.21,2.67,5.82,-6.75,2,27.78,-273.52,-0.38,1.3,-9.01,True
10.35,15.65,25.22,-6.05,52,4.56,5.22,3.88,-2.88,0,28.5,-238.52,-0.38,0.32,,True
10.75,19.65,25.22,-5.62,3,5.04,2.04,3.24,-5.67,2,28.38,-263.52,4.48,0.94,,True
6.57,-45.35,71.22,-12.81,380,19.5,0.12,-10.52,11.61,20,16.95,-416.52,-6.2,19.7,-8.79,True
6.66,64.65,51.22,-11.81,30,28.65,-2.61,-9.32,8.43,20,15.87,-371.52,-5.54,13,-7.08,False
7.35,64.65,31.22,-13.21,195,31.2,5.34,-10.74,8.1,20,14.73,-311.52,-7.6,12.9,-7.95,True
10.57,32.65,25.22,-5.51,7,6.27,6.63,2.96,-4.68,2,28.14,-230.52,5.98,1.08,,False
7.42,54.65,51.22,-10.01,130,15.3,3.12,-8.22,5.85,20,17.37,-241.52,-4.6,12.2,-6.92,False
6.2,-10.35,51.22,-11.66,350,41.7,1.23,-7.18,2.43,20,14.73,-266.52,-8.48,11.5,,False
8.25,44.65,31.22,-10.86,255,15.15,5.88,-2.9,2.91,20,24.63,-401.52,-7.68,14.7,-5.44,False
6.1,-10.35,51.22,-11.46,35,26.1,-2.01,-7.5,5.64,20,20.88,-386.52,-9.72,15.5,-6.49,False
7.31,-55.35,51.22,-10.61,195,18,-2.91,-7.76,1.23,20,17.67,-431.52,-5.86,15.8,,False
7.28,29.65,31.22,-11.06,45,32.55,2.67,-7.06,10.23,20,14.79,-406.52,-10.42,19.3,,True
10.12,14.65,51.22,-10.66,330,17.85,1.53,-3,1.05,20,24.03,-456.52,-4.8,10.5,-5.66,False
11.09,19.65,25.22,-5.89,27,1.02,1.05,0.28,-4.11,2,27.96,-239.52,-1.78,2,-7.51,True
5.76,104.65,51.22,-11.46,295,23.4,3.9,-7.7,8.97,20,13.35,-321.52,-11.36,19.2,-7.24,False
6.33,19.65,71.22,-12.46,365,39,-2.19,-7.08,8.1,20,22.44,-371.52,-10.04,11.3,-6.38,False
10.27,42.65,25.22,-5.95,2,3.42,0.72,-1.14,-4.74,2,29.82,-227.52,2.72,0.76,-6.98,False
10.54,37.65,25.22,-6.04,65,4.47,1.86,-1.78,-3.6,2,30.72,-252.52,-1.28,1.86,-8.88,True
5.87,49.65,31.22,-11.66,10,20.25,-2.01,-6.94,10.44,20,16.35,-271.52,-10.32,13.2,,True
10.44,16.65,25.22,-6.11,67,5.31,7.29,-1.62,-6.57,2,27.12,-235.52,-1.94,1.4,-8.4,True
5.61,39.65,51.22,-14.76,305,18.3,2.04,-9.02,12.6,20,15.21,-236.52,-6.2,12.5,,True
6.19,109.65,51.22,-12.01,145,30.9,1.5,-8.64,9.87,20,12.96,-326.52,-11.68,19.1,-8.29,True
10.09,15.65,25.22,-5.97,14,3.09,3.39,0.18,-6.3,2,29.1,-226.52,5.36,1.58,,True
6.26,-5.35,51.22,-11.71,250,24.6,0.06,3.4,3.81,20,23.73,-451.52,-10.4,18,,False
10.28,38.65,25.22,-6.16,7,1.05,2.91,-1.4,-2.37,2,30.24,-240.52,1.96,0.98,-7.31,True
10.18,29.65,27.22,-6.19,14,1.83,2.91,-1.28,-6.3,2,31.29,-232.52,1.46,1.6,-8.86,True
8.49,69.65,51.22,-11.81,80,22.65,-0.69,-11.4,7.08,20,12.45,-311.52,-9.42,20.1,,True
7.54,124.65,51.22,-11.61,265,16.65,3.6,-7.68,9.39,20,16.38,-326.52,-9.4,14.5,,False
5.65,94.65,31.22,-15.26,190,19.05,5.97,-8.8,8.37,20,12.75,-381.52,-12.9,17.7,,True
7.55,-25.35,71.22,-10.46,30,23.55,2.49,-6.48,6.42,20,20.25,-286.52,-3.28,10.6,-6.86,False
10.61,18.65,29.22,-5.99,7,4.38,3.3,2.28,-3.15,2,38.1,-263.52,1.04,0.4,-8.26,True
10.32,26.65,29.22,-6.26,44,2.52,3.15,5.76,-8.82,2,29.22,-249.52,-1.18,1.02,-9.25,True
11.67,19.65,29.22,-6.24,13,3.51,2.37,2.26,-11.94,2,30.21,-232.52,5.12,1.7,,True
11.5,17.65,25.22,-5.37,9,1.92,3.09,-0.42,-6.39,2,48.3,-239.52,1.06,1.58,,False
10.32,39.65,21.22,-6.12,2,0.18,1.5,-0.96,-3.69,0,40.68,-240.52,-1.56,0.44,,True
5.87,-0.35,71.22,-11.91,55,18.6,-0.15,-10.06,10.5,20,15.57,-301.52,-4.86,13.3,,False
5.09,-0.35,51.22,-14.61,370,19.35,12.42,-10.58,10.08,20,17.61,-441.52,-10.1,16.5,-6.87,True
10.53,14.65,25.22,-5.61,29,5.37,-0.03,2.98,-5.04,2,35.97,-269.52,-1,1.38,,False
10.85,18.65,25.22,-5.95,23,5.52,3.15,-0.28,-2.7,2,27.87,-259.52,-1.42,1.6,-9.12,True
9.82,-65.35,71.22,-10.16,55,28.95,-4.53,-7.82,5.01,20,18.54,-321.52,-3.38,12.6,,False
11.45,25.65,29.22,-6,39,4.17,4.98,-1.04,-6.06,2,32.13,-265.52,7.32,0.1,,False
5.68,84.65,51.22,-13.01,50,27.9,-0.33,-9.44,7.68,20,12.87,-291.52,-7.42,12.1,,True
11.51,41.65,25.22,-6.23,22,3.81,2.25,-0.92,-8.04,2,31.41,-237.52,8.12,0.04,,False
6.22,44.65,31.22,-14.11,105,31.35,-0.87,-8.88,9.09,20,14.73,-461.52,-9.06,11.8,,True
6.5,84.65,31.22,-11.66,225,42.3,3,-8.58,9.93,20,17.82,-271.52,-9.68,14.8,,True
11.95,17.65,29.22,-5.81,8,0.51,2.01,3.88,-9.54,2,34.26,-234.52,-0.22,1.08,,False
10.26,23.65,29.22,-6.16,8,5.49,0.84,-0.04,-8.82,2,28.41,-270.52,0.14,1.04,,True
8.2,-0.35,71.22,-14.36,250,22.8,-0.72,-10.04,13.23,20,12.54,-276.52,-11.66,11.9,,True
10.38,9.65,29.22,-5.69,33,3.39,1.65,2.76,-4.11,2,36.81,-258.52,-0.96,1.52,,False
10.84,45.65,25.22,-6.14,16,1.71,3.6,-1.36,-6.12,2,26.46,-224.52,-1.92,2.06,,True
5.2,44.65,31.22,-14.31,335,26.1,6.27,-8.6,11.64,20,15.06,-341.52,-9.62,12,-6.25,False
11.2,17.65,25.22,-6.31,43,5.16,2.4,-0.04,-6.45,2,30.99,-263.52,-0.68,0.42,,False
10.83,25.65,29.22,-6.29,45,4.2,8.01,2.66,-5.85,2,29.88,-264.52,3.12,0.66,,False
8.11,-0.35,71.22,-11.11,80,23.25,4.95,-6.02,8.01,20,14.85,-326.52,-5.66,16.4,,False
5.23,44.65,51.22,-13.61,245,22.2,0.69,-7.5,11.16,20,14.94,-281.52,-9.1,16.7,,True
11.12,24.65,29.22,-5.82,4,1.41,11.04,2.72,-7.05,2,30.66,-265.52,9.42,1.82,-7.85,False
12.06,46.65,21.22,-5.98,15,4.14,1.8,1.02,-4.44,2,27.42,-264.52,5.34,1.72,,True
10.97,11.65,25.22,-5.39,22,4.59,1.29,0.04,-4.02,2,32.58,-264.52,9.7,1.08,,False
5.09,39.65,51.22,-15.21,215,24.75,3.54,-9.34,6.81,20,16.59,-381.52,-11.12,13.1,-8.42,True
11.23,49.65,31.22,-13.61,290,34.65,1.68,-11.2,8.46,20,15.03,-401.52,-11.4,15.8,,True
5.79,99.65,51.22,-12.36,45,17.85,-1.8,-5.92,8.34,20,14.16,-451.52,-7.28,17,-8.65,True
10.75,23.65,29.22,-5.84,10,3.33,1.86,0.98,-9.66,2,27.81,-248.52,2.04,1.18,-8.4,True
6.9,59.65,31.22,-10.41,120,19.8,0.24,-7.34,5.49,20,18.27,-326.52,-6.56,15.6,,False
6.07,-5.35,71.22,-13.31,240,23.4,-2.31,-9.7,9.36,20,25.23,-276.52,-6.7,12.2,,True
6.35,99.65,51.22,-13.41,125,20.55,3.48,0.36,7.74,20,13.05,-346.52,-10.12,15.3,-8.25,True
7.12,74.65,51.22,-11.16,145,16.95,0.78,-9.14,6.75,20,18.09,-281.52,-4.58,11.2,,False
11.22,9.65,25.22,-6.31,16,1.8,4.77,3.52,-2.25,2,29.43,-235.52,-1.26,0.94,,True
11.64,23.65,25.22,-6.07,17,0.18,1.98,-0.8,-3.96,2,30.87,-263.52,3.8,0.82,-7.4,False
14.74,25.65,29.22,-5.98,42,6,2.34,-0.02,-7.92,2,33.66,-235.52,2.56,1.54,-7.4,True
8.93,89.65,31.22,-10.91,95,15.9,4.71,-5.86,2.76,20,18,-401.52,-4.72,13,-6.66,False
7.54,79.65,31.22,-11.61,55,20.85,1.5,-7.62,2.85,20,13.89,-426.52,-9.62,18.5,-7.22,False
10.82,29.65,27.22,-5.73,46,6.09,0.81,0.82,-5.49,2,35.82,-253.52,-0.62,0.94,,False
6.57,104.65,31.22,-11.26,85,38.7,0.72,-6.24,8.28,20,16.8,-291.52,-10.4,16,-9.58,True
9.65,104.65,31.22,-13.66,100,28.95,2.46,-10.84,10.11,20,15.03,-231.52,-11.38,12,-7.66,True
11.67,15.65,29.22,-5.96,27,1.35,4.65,0.42,-11.79,2,31.83,-246.52,1.12,0.08,-7.36,False
11.61,38.65,21.22,-5.77,32,4.47,2.34,0.94,-3.78,2,30.63,-254.52,1.04,1.8,-7.45,False
11.93,48.65,25.22,-5.95,25,1.65,3.99,0.84,-3.42,2,28.32,-254.52,-1.32,1.72,-9.19,True
10.02,43.65,25.22,-6.24,7,1.2,4.2,-0.44,-8.22,2,28.62,-228.52,-0.8,2,,True
10.71,22.65,25.22,-6.18,19,4.44,8.04,1.8,-6.03,2,29.34,-265.52,-0.82,1.44,-10.01,True
5.83,114.65,51.22,-12.41,15,28.95,6.39,-9.44,6.75,20,15.33,-346.52,-10.64,14.8,,True
10.45,30.65,25.22,-5.99,19,4.02,5.13,4.96,-12.42,2,30.33,-229.52,-0.7,1.16,,True
10.35,33.65,25.22,-6.11,26,1.17,7.26,0.42,-2.37,2,27.42,-250.52,-0.26,1.7,-7.82,True
11.71,27.65,29.22,-5.86,2,3.69,6.21,-0.86,-7.32,2,28.14,-245.52,1.5,0.08,,False
6.94,-50.35,71.22,-11.96,90,22.2,3.51,-8.48,5.37,20,20.67,-421.52,2.9,13.4,-7.59,False
5.58,59.65,51.22,-14.01,295,29.1,0.15,-11.46,11.67,20,17.01,-356.52,-11.54,12.3,-8.41,True
6.65,114.65,51.22,-12.66,200,21.9,1.44,-4.44,6.06,20,18.12,-456.52,-8.16,12,-6.03,False
5.55,119.65,51.22,-11.66,335,37.2,4.86,-9.46,12.21,20,14.04,-291.52,-10.14,18,,False
11.51,13.65,25.22,-6.21,53,4.14,7.38,-0.06,-9.33,2,27.3,-244.52,-0.28,1.22,-7.89,True
8.89,-35.35,71.22,-10.36,315,44.85,-1.35,-7.66,3.87,20,18.09,-391.52,-7.32,14.1,-6.19,False
9.2,-65.35,71.22,-11.06,345,19.35,-0.27,-8.72,6,20,16.77,-291.52,-6.92,16.2,,True
13.54,23.65,25.22,-5.72,18,5.73,1.71,1.04,-5.46,2,29.1,-241.52,-1.3,1.52,,True
6.07,29.65,51.22,-13.36,15,15.15,-0.9,-9.58,9.69,20,18.09,-311.52,-9.64,10.2,,True
7.72,14.65,71.22,-12.11,280,31.35,-1.32,-10.06,6.9,20,16.83,-291.52,-9.52,15.9,-8.91,True
10.78,26.65,29.22,-5.93,11,2.37,2.4,-1.36,-7.08,2,29.7,-262.52,1.46,1.2,-7.59,False
16.1,22.65,29.22,-6.32,27,5.37,6.84,2.76,-1.65,2,29.34,-232.52,-2.04,1.96,,True
5.65,69.65,51.22,-10.46,360,39.9,1.95,-8.84,9.36,20,15.45,-231.52,-9.66,16.7,,False
6.03,-30.35,71.22,-13.51,345,22.65,0.99,-9.54,7.26,20,15.63,-421.52,-3.4,11.7,,True
5.5,94.65,31.22,-12.71,70,37.35,-1.11,-10.9,11.49,20,20.61,-261.52,-6.58,11.6,-8.93,True
10.28,10.65,29.22,-6.09,49,3.03,1.68,-1.6,-5.97,2,32.55,-257.52,0.44,1.26,-7.35,False
10.52,30.65,21.22,-6.07,11,5.73,1.5,2.62,-12.27,2,35.13,-242.52,3.28,1.3,-9.58,True
10.97,28.65,29.22,-6.23,78,4.95,1.41,0.52,-5.28,2,33.66,-247.52,6.18,0.86,,True
11.82,17.65,29.22,-5.87,3,2.64,0.36,4.12,-4.56,2,32.01,-258.52,7.36,0.98,,True
10.44,27.65,25.22,-6.05,22,4.62,0.54,6.26,-2.4,2,29.88,-246.52,-1.82,1.66,-7.87,True
7.32,104.65,51.22,-10.66,305,34.05,9.84,-7.46,1.86,20,20.55,-426.52,-5.82,13.8,-6.52,False
5.37,-60.35,71.22,-13.26,370,25.95,-2.64,-11.76,11.76,20,13.44,-266.52,-10.08,13.3,,True
8.06,-35.35,71.22,-11.66,315,24.45,8.7,-9.52,8.34,20,17.43,-416.52,-9.86,16.5,,False
5.81,79.65,51.22,-11.26,270,42,-0.03,-10.26,10.05,20,13.32,-371.52,-9.62,19.3,,True
7.87,34.65,51.22,-13.01,225,19.2,0.84,-10.28,2.13,20,11.73,-241.52,-10.62,14.9,,True
10.82,27.65,29.22,-6.14,26,4.92,0.93,2.8,-5.76,2,31.05,-258.52,1.46,0.08,,False
10.18,49.65,21.22,-6.15,1,3.33,3.36,-0.38,-10.65,2,35.07,-245.52,0.24,0.74,,True
10.31,38.65,21.22,-5.61,13,3.72,4.53,0.82,-6.24,2,36.06,-233.52,1.5,1.42,,False
12.54,28.65,25.22,-5.67,24,4.26,1.74,5.36,-10.59,2,28.8,-246.52,-1.04,0.64,,False
6.63,49.65,31.22,-10.51,90,19.65,3.81,-8.54,9.42,20,18.12,-291.52,-9.52,14.6,-6.37,False
8.8,44.65,51.22,-11.56,310,34.65,-1.14,-8.06,8.64,20,15.81,-381.52,-10.68,18.6,,True
6.29,44.65,31.22,-11.01,135,36.3,-2.94,-7.16,1.68,20,15.87,-346.52,-8.56,14.9,-6.96,False
6.03,44.65,51.22,-13.91,195,24.45,-1.17,-10.32,-0.42,20,14.76,-406.52,-6.02,12.4,,True
7.34,34.65,31.22,-14.31,195,20.85,1.86,-8.36,12.09,20,13.74,-316.52,-10.98,16.7,,True
10.72,17.65,29.22,-5.84,16,5.52,1.86,-0.58,-4.44,2,27.57,-229.52,-0.52,1.58,-10.02,True
10.43,27.65,29.22,-5.84,10,5.76,3.93,-0.98,-4.38,2,28.77,-260.52,4.3,1.1,,True
5.89,94.65,31.22,-15.26,295,16.95,3.42,-10.48,12.78,20,15.09,-426.52,-12.08,16.8,-7.72,False
14.12,26.65,25.22,-5.96,56,5.67,0.96,-0.64,-6.75,2,30.57,-233.52,-0.9,1,,False
8.67,-35.35,51.22,-12.86,270,27.75,6.51,-0.44,9.84,20,14.52,-421.52,-5.84,12.6,-7,False
6.85,-0.35,71.22,-10.96,285,43.95,-0.12,-3.04,6.45,20,17.19,-456.52,-4.26,15.9,-7.23,False
8.61,74.65,31.22,-12.16,85,20.55,2.34,-11.2,10.74,20,12.42,-261.52,-9.34,16.8,,True
14.34,33.65,25.22,-5.56,36,4.89,4.26,-1.08,-9.69,2,28.65,-235.52,1.4,1.48,,False
6.03,39.65,51.22,-10.71,85,17.55,-1.86,-6.26,10.14,20,15,-291.52,-9.54,15.9,-7.04,False
5.46,104.65,31.22,-11.96,385,26.7,4.32,-7.44,11.97,20,18.63,-246.52,-10.74,17.3,,False
8.5,39.65,31.22,-11.56,240,41.1,2.58,-8.2,8.13,20,20.16,-411.52,-0.46,14.4,-7.38,False
8.23,74.65,51.22,-10.81,120,42,-2.61,-5.74,7.29,20,25.11,-406.52,-6.3,14.3,-5.72,False
10.81,24.65,29.22,-5.84,13,4.02,0.63,1.62,-5.28,2,30.12,-229.52,3.78,0.22,-7.59,True
5.46,94.65,51.22,-12.71,375,30.9,6.15,-9.64,6.93,20,13.32,-271.52,-11.34,14.9,-6.41,False
6.88,89.65,51.22,-11.46,100,26.85,2.97,-6.52,6.6,20,16.65,-391.52,-6.92,13,-7.29,False
12.52,11.65,29.22,-5.73,7,4.89,-0.9,1.16,-5.82,2,31.95,-267.52,-1.4,1.82,,True
10.22,18.65,29.22,-6.09,75,5.4,8.13,3.54,-4.83,2,27.69,-231.52,1.06,0.66,,True
10.53,16.65,29.22,-5.58,13,3.42,0.33,3.48,-4.65,2,29.22,-237.52,-0.56,0.16,,False
5.1,-5.35,71.22,-14.61,320,15,-0.33,-12.18,12.57,20,13.74,-366.52,-11.14,14.9,,True
6.04,109.65,51.22,-12.61,245,17.55,12.54,-8.86,9.66,20,14.73,-416.52,-3.88,14,-5.44,False
11.56,25.65,25.22,-6.08,15,0.81,0.9,2.62,-4.8,2,31.2,-231.52,2.74,1,-8.11,True
7.93,94.65,31.22,-11.81,220,28.2,3.03,-10.26,9.69,20,17.58,-371.52,-8.72,18.9,-7.92,False
5.87,29.65,31.22,-15.31,175,18,6.12,-9.56,12.54,20,16.14,-361.52,-11.88,11.5,-7.68,True
7.08,-45.35,71.22,-10.56,60,23.25,2.43,-8.24,5.34,20,23.55,-361.52,-7.16,13.4,-7.27,False
9.66,29.65,31.22,-11.01,135,28.8,-2.13,-5.94,5.64,20,20.07,-446.52,-7.28,16.3,,False
6.34,99.65,31.22,-11.11,285,24.45,3.45,-9.34,0.27,20,15.72,-331.52,-10.02,17.4,-6.21,False
11.51,18.65,25.22,-5.91,3,2.28,6.87,-1.44,-5.49,2,33.18,-240.52,-1.7,1.96,,True
11.8,18.65,25.22,-6.11,56,2.7,6.63,-1.26,-7.77,2,28.26,-250.52,0.78,1,,True
5.76,64.65,51.22,-11.51,195,23.1,2.19,-10.14,5.97,20,12.6,-256.52,-6.18,17,,True
15.57,31.65,25.22,-5.86,10,4.29,7.02,-0.5,-5.4,2,28.68,-261.52,-0.3,0.76,-7.07,False
8.53,109.65,31.22,-11.36,190,40.65,-0.87,-7,8.76,20,17.4,-321.52,-7.38,11.8,,False
10.52,19.65,29.22,-6.3,42,2.82,2.94,-1.8,-2.73,2,26.91,-254.52,-1.76,1.52,-8.26,True
6.03,59.65,31.22,-12.41,85,27.3,-0.84,-6.64,12.21,20,13.41,-256.52,-10.38,14.3,,True
10.25,32.65,25.22,-6.31,39,2.07,3.78,-1.56,-3.15,0,27.9,-253.52,-0.2,0.58,,True
8.88,9.65,51.22,-10.61,160,38.4,1.98,-6.82,3.27,20,17.28,-326.52,-6.28,12.5,,False
11.46,15.65,25.22,-5.92,16,0.42,4.92,-0.96,-3.21,2,28.71,-239.52,-0.24,1.4,-7.41,False
4.92,34.65,31.22,-15.01,255,25.35,4.77,-11.08,12.63,20,16.05,-241.52,-12.64,10.5,-9.34,True
11.43,15.65,29.22,-6.23,12,1.56,0.87,-1.26,-4.59,2,29.01,-234.52,0.08,1.4,-9.23,True
10.4,43.65,21.22,-6.29,16,3.51,5.16,0.12,-1.89,2,27.09,-231.52,0.28,1.24,,True
11.33,13.65,25.22,-5.53,2,3.45,3.96,-0.84,-5.01,2,30.03,-259.52,4.74,0.98,-6.16,False
6.91,-10.35,71.22,-11.46,100,31.05,-3.84,-4.96,4.71,20,26.82,-351.52,-8.36,11.5,-7.94,False
8.18,104.65,51.22,-11.91,215,37.2,2.7,-8.88,3.93,20,19.74,-336.52,-9.34,10.1,,False
12.15,28.65,29.22,-5.65,16,2.37,1.68,-1.12,-3.15,2,33.42,-257.52,-0.46,1.22,-7.52,False
11.68,20.65,25.22,-5.99,2,0.63,1.53,5.56,-12.63,2,28.92,-268.52,-0.72,0.36,-8.04,False
7.3,84.65,51.22,-11.21,95,22.95,-0.03,-6.84,8.73,20,14.79,-341.52,-4.22,16.8,-7.63,True
5.94,49.65,51.22,-13.11,200,30.3,0,-3.08,7.59,20,15.39,-446.52,-9.52,14.1,-8,True
11,28.65,29.22,-6.11,46,4.92,5.34,1.56,-6.15,2,29.88,-255.52,-0.82,0.86,,False
8.46,114.65,51.22,-13.71,155,30.9,0.6,-6.98,10.8,20,21.21,-426.52,-9.92,13.8,,True
5.18,94.65,51.22,-12.21,165,26.85,-0.6,-11.92,12.06,20,17.58,-306.52,-10.4,19.6,-9.3,True
10.55,18.65,29.22,-5.39,2,2.07,1.74,1.14,-5.67,2,29.34,-265.52,0.42,1.82,-7.79,False
8.4,-25.35,51.22,-10.61,325,40.65,-1.68,-4.08,3.39,20,18.72,-326.52,-6.26,10.3,-5.34,False
10.63,32.65,25.22,-6.28,26,3.78,1.14,-1.1,-2.04,2,27.24,-228.52,-1.38,1.12,,True
12.32,12.65,29.22,-6.34,25,0.69,1.89,3.5,-2.31,2,42.84,-239.52,7.32,0.84,,True
13.48,37.65,21.22,-6.11,2,3.9,0.9,-1.22,-3.18,2,33.6,-254.52,-1.52,0.42,,False
6.86,94.65,31.22,-12.61,15,26.7,-2.31,-9.96,10.56,20,22.5,-401.52,-4.74,13.2,,False
8.12,19.65,71.22,-10.16,200,33.45,-3.78,-5.58,5.22,20,29.67,-371.52,-4.02,13.3,,False
10.17,16.65,25.22,-6.18,13,3.78,2.7,-1.52,-7.47,2,29.97,-257.52,6.96,1.9,-8.3,True
12.95,34.65,21.22,-6.05,3,1.98,2.61,6.4,-3.48,2,31.38,-250.52,1.44,1.72,,True
10.3,15.65,29.22,-5.92,75,4.05,2.76,1.62,-6.06,2,31.68,-250.52,-1.02,0.86,-7.25,False
5.87,114.65,31.22,-10.41,155,28.35,1.95,-10.42,9.51,20,19.68,-301.52,-9.62,18.2,-7.04,False
5.66,29.65,51.22,-13.21,350,17.7,3.84,-10.54,9.51,20,23.04,-436.52,-11.08,16.8,,False
10.86,10.65,25.22,-5.85,42,4.98,1.74,0,-4.02,2,29.4,-266.52,-0.14,1.28,,False
5.12,19.65,51.22,-12.46,160,19.65,1.56,-11.76,8.28,20,14.31,-241.52,-11.94,14.7,-8.09,True
12.48,18.65,29.22,-5.52,17,4.35,2.61,2.88,-5.37,2,31.95,-248.52,0.46,0.1,,False
12.54,44.65,25.22,-5.69,11,4.8,4.83,-0.18,-5.43,2,33.51,-243.52,-0.46,0.32,,False
7.14,114.65,31.22,-12.81,135,27.9,3.48,-7.98,9.6,20,15.96,-446.52,-8.94,12.9,,False
6.11,94.65,31.22,-13.81,265,19.05,5.61,-7.24,8.94,20,13.86,-306.52,-12.6,20.1,,True
10.64,39.65,25.22,-6.11,12,5.79,1.11,4.56,-6.18,2,27.69,-267.52,-1.34,0.96,-7.82,False
10.53,19.65,29.22,-5.63,27,2.16,0.48,4.3,-7.17,2,30.27,-236.52,-1.3,1.84,,False
5.64,-45.35,51.22,-12.16,310,33,3.51,-10.14,7.02,20,19.14,-361.52,-9.56,18.6,-8.17,True
11.35,18.65,29.22,-5.73,22,3.72,1.32,-0.24,-3.48,2,28.98,-261.52,2.6,1.32,-7.75,False
10.52,28.65,25.22,-6.02,35,2.13,5.61,4.06,-11.64,2,28.38,-249.52,-0.68,0.98,,False
11.98,27.65,29.22,-6.19,66,3.57,3.63,3.88,-4.89,0,34.32,-258.52,-1.72,0.58,-8,True
7.63,119.65,31.22,-12.06,35,21.45,1.77,-10.58,6.72,20,13.95,-341.52,-11.28,19.6,,True
6.68,44.65,51.22,-12.41,115,26.7,2.7,-8.46,11.46,20,14.37,-276.52,-10.7,12.1,,True
6.95,79.65,51.22,-12.36,340,23.85,3.72,-10.36,10.59,20,13.59,-386.52,-8.68,15.1,,False
9.24,-60.35,51.22,-10.26,110,24.3,1.56,-5.92,2.52,20,18.93,-376.52,-7.68,14.7,-6.33,False
11.89,46.65,25.22,-5.81,8,4.62,4.26,3.96,-3.6,2,29.97,-243.52,-0.82,0.42,,False
7.52,-55.35,71.22,-10.11,205,44.55,-1.47,-1.58,4.53,20,24.51,-336.52,-2.52,11.8,,False
6.21,94.65,21.22,-12.81,5,23.85,-0.27,-6.46,9.9,20,20.64,-391.52,-9.02,18.6,-8.04,True
13.69,17.65,25.22,-5.81,33,4.41,3.69,-0.7,-3.06,2,30.6,-240.52,1.84,0.58,,False
10.7,10.65,25.22,-5.67,8,0,1.8,10.62,-4.26,2,27.9,-266.52,-1.5,1.84,,False
12.51,12.65,25.22,-6.17,22,1.95,3.06,-1.5,-8.19,2,28.41,-235.52,3.3,0.32,-7.21,False
11.03,48.65,21.22,-6.24,37,4.59,2.43,1.4,-6.24,2,28.53,-269.52,1.72,2.02,-7.6,True
9.04,124.65,31.22,-13.81,175,18.9,8.46,-6.92,-0.21,20,15.24,-456.52,-6.5,10.2,,False
10.72,38.65,21.22,-5.86,29,3.06,2.58,0.92,-3.36,2,27.45,-259.52,4.94,1.94,,True
10.52,27.65,29.22,-6.08,44,0.96,2.16,0.16,-3.69,2,27.6,-256.52,-1.56,1.12,-8.41,True
8.53,39.65,41.22,-11.96,5,15.6,-1.26,0.08,-2.58,20,22.26,-431.52,-8.28,10.8,,False
11.49,39.65,25.22,-6.05,36,2.16,5.76,2,-3.81,2,27.84,-265.52,3.12,1.5,-8.46,True
10.81,26.65,29.22,-6.06,6,1.83,3.45,1.92,-10.47,2,27.99,-232.52,0.48,0.78,,True
13.2,21.65,25.22,-5.95,59,5.73,4.2,3,-6.72,2,35.7,-271.52,1,0.68,,False
6.07,9.65,51.22,-13.66,50,21.75,0.27,-7.76,4.08,20,18.87,-426.52,-9.28,10.7,-6.82,True
7.1,29.65,51.22,-10.61,215,34.2,3,-2.68,8.1,20,24.57,-446.52,-8.6,17.2,,False
12.46,28.65,25.22,-5.67,4,0.54,1.77,-1,-10.47,2,32.82,-226.52,-1.04,2,-8,True
5.48,84.65,51.22,-12.21,165,23.55,2.61,-8.1,-7.14,20,13.41,-426.52,-10.42,18.6,-8.57,True
11.63,12.65,25.22,-5.76,4,1.05,1.08,1.8,-3,2,28.5,-258.52,-0.5,1.42,-8.19,False
6.7,-0.35,71.22,-12.06,180,23.85,-3.12,-10.22,8.43,20,14.31,-296.52,-9.32,11.7,,True
10.17,11.65,25.22,-6.35,23,0.54,8.82,-1.26,-2.01,0,30.66,-240.52,-0.44,0.26,-7.1,True
10.5,17.65,29.22,-5.99,7,0.93,0.12,-0.1,-3.42,2,28.5,-265.52,-0.82,0.16,,False
12.01,10.65,25.22,-5.39,29,5.04,0.45,-0.58,-13.08,2,28.17,-253.52,-0.8,1.56,-7.41,False
6.8,124.65,51.22,-10.86,210,23.7,3.39,-6.06,7.74,20,22.5,-316.52,-5.74,11.7,,False
5.77,84.65,31.22,-12.91,165,26.55,5.19,-10.16,8.52,20,14.58,-366.52,-10.62,12.5,,False
6.15,-25.35,51.22,-11.91,110,26.7,-1.08,-4.98,1.11,20,21.24,-256.52,-6.58,10.5,,False
4.75,59.65,31.22,-12.51,140,24.6,0.9,-6.1,10.44,20,12.18,-261.52,-12.22,20.4,-7.87,True
9.06,69.65,31.22,-10.81,180,21.75,1.5,-6.82,1.32,20,20.88,-431.52,-7.16,12.4,-6.01,False
10.41,27.65,29.22,-5.86,24,5.97,0.33,2.24,-6.27,2,28.17,-247.52,-0.86,1.62,,True
10.1,30.65,21.22,-6.1,74,3.75,7.08,-1.72,-5.67,2,27.42,-229.52,0.08,1.88,-7.69,True
6.32,-0.35,71.22,-12.21,25,24.3,0.42,-1.64,8.19,20,19.83,-351.52,-6.42,10.9,,False
5.5,54.65,31.22,-15.16,390,37.5,3.33,-12.14,10.68,20,17.01,-261.52,-10.44,11.4,,True
5.33,114.65,31.22,-13.16,60,16.05,8.13,-9.94,11.22,20,13.77,-371.52,-8.12,14.4,-7.08,False
10.74,42.65,21.22,-5.85,3,3.69,0.93,-0.88,-3.45,2,29.13,-256.52,-1.48,1.54,,False
7.29,4.65,51.22,-13.31,215,35.25,-3.54,-6.66,9.69,20,14.91,-366.52,-9.8,11,,True
6.7,59.65,51.22,-11.51,15,19.65,3.12,-7.2,6.96,20,16.77,-436.52,-4.56,14.2,-6.49,False
11.38,11.65,29.22,-6.18,7,4.86,1.41,0.3,-4.26,2,28.83,-263.52,-1.14,1.62,,True
5.53,29.65,31.22,-11.71,150,34.2,-2.91,-10.58,7.71,20,19.47,-241.52,-7.74,13.7,,True
5.7,34.65,31.22,-14.11,390,34.35,3.96,-11.48,10.23,20,13.02,-316.52,-11.16,11,,False
5.88,14.65,51.22,-12.36,380,44.85,-1.77,-8.42,11.31,20,16.92,-246.52,-10.34,11.4,-9.8,True
7.01,44.65,51.22,-10.96,90,18,-0.66,-6.78,2.16,20,20.61,-351.52,-3.98,13,,False
8.3,-55.35,71.22,-9.96,200,19.05,4.11,-5.76,5.25,20,20.67,-426.52,-6.8,15.3,-6.31,False
6.16,-60.35,51.22,-10.96,225,22.65,-3.24,-5.02,2.88,20,17.19,-291.52,-9.84,13.3,,False
6.92,-55.35,71.22,-11.26,10,29.25,2.1,-5.3,0.72,20,17.31,-361.52,-6.84,11.1,,False
6.64,84.65,31.22,-12.11,45,34.35,0.87,-1.76,8.55,20,18.27,-456.52,-8.22,15.9,-7.07,False
5.11,79.65,51.22,-13.11,105,22.05,5.61,-11.78,12.54,20,17.97,-396.52,-9.2,18,,True
10.23,23.65,25.22,-5.98,1,4.65,1.11,-0.94,-3.72,2,27.54,-236.52,-1.62,1.38,,True
10.28,34.65,21.22,-5.97,14,3.33,1.26,-1.52,-5.22,2,30.09,-266.52,0.34,1.92,-6.65,False
11.33,39.65,21.22,-5.79,3,3.99,7.35,-0.86,-5.4,2,46.23,-264.52,1.68,1.26,,False
7.56,54.65,51.22,-14.16,295,22.05,3.27,-5.88,12.33,20,15.78,-366.52,-8.26,15.8,-8.18,True
6.05,34.65,31.22,-12.41,165,39.15,5.1,-8,6.15,20,17.61,-431.52,-9.6,14.8,-6.45,True
9.36,-45.35,51.22,-10.71,325,20.4,4.38,-10.66,8.22,20,15.21,-301.52,-11,18.3,-7.24,False
7.14,19.65,51.22,-10.66,360,27,2.13,-5.98,-7.11,20,15.57,-261.52,-9.2,17.4,,False
7.14,84.65,31.22,-10.36,355,34.65,6.72,-4.94,2.13,20,23.67,-296.52,-4.38,11.1,-5.98,False
11.03,44.65,25.22,-5.61,4,4.56,0.69,1.76,-7.74,2,29.22,-261.52,-1.46,1.66,-7.93,False
10.62,34.65,21.22,-6.04,10,3.51,4.38,-1.06,-15.81,2,30.9,-245.52,-0.58,0.74,,False
6.62,94.65,51.22,-14.01,10,20.4,0.96,-8.02,8.01,20,18.39,-426.52,-6.34,12,,True
7.08,24.65,41.22,-10.96,80,30.75,-3.12,-8.38,5.22,20,17.46,-346.52,-7.68,13.6,-7.22,False
10.23,22.65,25.22,-6.03,17,3.84,2.31,-0.82,-2.64,2,28.23,-261.52,3.98,1.4,-7.39,False
12.8,10.65,25.22,-5.53,11,4.2,3.09,0.76,-3.57,2,30.24,-249.52,-0.68,0.56,,False
8.45,-55.35,51.22,-14.26,230,23.25,0.81,-6.74,11.31,20,13.02,-406.52,-7.9,12,,True
11.59,20.65,25.22,-6.25,55,2.28,2.52,-0.38,-2.76,2,39.12,-268.52,3.26,1.86,,True
8.19,74.65,51.22,-12.36,190,15.45,6.06,-8.62,6.48,20,13.26,-246.52,-8.58,16.1,-7.49,True
11.06,14.65,29.22,-5.82,2,1.47,1.11,-0.42,-6.48,2,29.49,-266.52,2.06,0.36,-7.17,False
11.08,10.65,29.22,-5.55,31,2.88,7.53,-0.56,-2.76,2,28.2,-239.52,2.1,2.12,,True
5.65,54.65,51.22,-12.71,115,16.5,0.69,-7.28,7.47,20,14.91,-246.52,-5.66,14.2,,True
10.66,28.65,25.22,-6.07,12,6.24,9.15,-0.34,-3.21,2,28.2,-244.52,-1.94,1.38,,True
7.32,79.65,31.22,-10.61,65,39.6,-3.57,-6.1,0.6,20,20.97,-371.52,-6.1,12.2,,False
10.29,16.65,25.22,-6.29,8,4.08,-0.18,1.1,-10.89,2,30.48,-266.52,0.94,1.02,-7.94,True
11.88,43.65,25.22,-6.04,3,3.84,1.08,-0.82,-7.92,2,28.38,-236.52,0.52,0.02,,False
5.7,89.65,51.22,-14.41,290,47.1,-1.41,-8.26,9.18,20,16.47,-436.52,-8.42,10.1,-8.81,True
10.29,28.65,29.22,-5.89,38,0.66,5.46,-1.44,-10.68,2,33,-259.52,0.3,1.66,,False
8.22,44.65,31.22,-11.81,55,38.7,3.84,-6.04,2.28,20,24.6,-396.52,-7.84,14.5,-6.5,False
11.05,25.65,29.22,-5.54,1,5.67,-0.63,-0.4,-10.8,2,30.6,-267.52,-0.82,0.86,,True
9.85,94.65,31.22,-10.56,305,30.3,13.26,-3.02,0.63,20,22.92,-446.52,-3.66,11,-5.72,False
5.86,24.65,41.22,-10.91,380,21.45,6.42,-11.46,11.91,20,18.78,-266.52,-7.72,19.7,-6.98,False
10.73,14.65,29.22,-5.98,5,4.23,2.46,-0.8,-2.85,2,30.06,-241.52,0.32,1.72,-8.24,True
11.51,30.65,23.22,-6.19,0,1.23,1.98,-0.7,-9.3,2,33.42,-266.52,-1.28,0.94,,False
11.35,13.65,29.22,-6.34,20,1.86,2.88,3.6,-4.08,2,29.46,-234.52,3.94,0.28,-8.12,True
11.09,15.65,25.22,-5.86,50,4.41,0.99,2.5,-4.23,2,32.67,-251.52,-0.68,0.92,,False
5.62,79.65,51.22,-12.31,185,18.6,6.75,-5,5.91,20,15.42,-246.52,-4.26,11.2,,False
10.61,33.65,25.22,-6.3,1,2.52,0.99,5.82,-6,2,29.7,-268.52,2.46,0.7,-7.88,False
10.8,46.65,25.22,-6.04,23,5.49,9.54,-1.08,-6.99,2,35.55,-240.52,-0.94,0.8,,False
12.05,49.65,25.22,-6.22,5,4.2,0.9,-1.4,-4.59,2,33.18,-243.52,-1.58,0.64,-8.09,True
7.87,99.65,51.22,-11.66,205,27.3,1.59,-9.28,8.43,20,27.78,-271.52,-9.3,13.5,,False
12.19,21.65,29.22,-5.71,49,3.39,8.4,-0.6,-3.66,2,31.56,-251.52,1,1.6,-7.05,False
5.34,39.65,31.22,-13.11,330,18.6,7.8,-11.06,6.12,20,18.27,-261.52,-10.76,14.5,-7.21,False
10.77,21.65,29.22,-6.23,7,4.44,0.15,6.48,-2.37,2,29.37,-229.52,-0.82,0.4,-8.77,True
13.68,46.65,25.22,-5.86,30,3.51,3.36,0.16,-10.41,2,31.56,-229.52,-1.02,1.14,,True
6.96,104.65,31.22,-11.56,100,29.4,6.45,-10.7,10.35,20,16.62,-346.52,-10.56,19.5,-9,True
8.41,-70.35,71.22,-11.46,290,36.75,-4.2,-9.2,9,20,21.78,-391.52,-9.18,15,,False
11.79,27.65,25.22,-5.71,7,1.59,1.68,-0.42,-7.02,2,34.59,-240.52,-0.26,2.04,,False
5.11,114.65,31.22,-14.31,350,22.5,3.03,-9.3,12.33,20,15.75,-451.52,-11.94,15.7,-6.12,False
6.01,-5.35,51.22,-12.81,360,23.1,10.23,-8.34,6.24,20,23.1,-451.52,-7.86,13.9,-7.24,False
5.77,-40.35,51.22,-12.31,210,20.1,1.71,-4.9,7.59,20,13.5,-411.52,-10.58,17.1,-9.29,True
11.41,43.65,21.22,-6.25,13,1.83,3.9,0,-3.18,2,29.28,-232.52,0.24,1.86,,True
6.91,-0.35,71.22,-10.46,100,23.4,-1.77,-9.78,9.78,20,20.82,-261.52,-9.34,14.9,,False
11.42,32.65,21.22,-6.24,22,3.54,5.73,3.88,-6.9,2,31.71,-263.52,0.64,0.64,,False
10.67,18.65,29.22,-5.81,15,4.02,-0.24,-0.5,-3.66,2,33.27,-246.52,-1.08,1.22,-8.41,True
11.17,24.65,25.22,-5.98,11,5.55,0.72,-0.48,-12.81,2,28.74,-267.52,4.48,0.64,,False
6.37,54.65,21.22,-12.61,5,24.45,4.02,-10.54,10.26,20,13.92,-366.52,-10.9,15.4,-9.04,True
12.14,39.65,25.22,-6.08,21,2.07,3.87,-1.24,-10.08,2,35.19,-244.52,7.2,1.46,-9.24,True
7.54,-5.35,71.22,-10.11,220,34.8,-2.64,-8.24,-1.02,20,18.15,-306.52,-7.84,14.6,,False
12.16,23.65,29.22,-6.13,40,2.28,12.03,1.32,-7.14,2,27.72,-235.52,6.08,0.54,,False
11.49,14.65,25.22,-5.84,26,5.52,1.86,3.24,-4.08,2,33.27,-255.52,5.48,2.1,-9.03,True
5.81,19.65,51.22,-12.91,330,16.65,1.71,-7.24,9.75,20,13.17,-401.52,-12.1,19.4,,False
10.5,31.65,25.22,-6.11,47,5.52,5.13,-1.04,-4.77,2,28.08,-241.52,0.8,0.24,-8.24,False
6.29,-45.35,51.22,-10.71,185,31.8,-2.16,-8.38,-4.26,20,22.35,-326.52,-8.14,17.5,-7.53,False
14.22,13.65,29.22,-5.33,8,4.29,3.3,0.94,-7.53,2,28.92,-260.52,-0.26,1.18,-7.72,True
8.94,-50.35,51.22,-10.51,300,40.8,-2.58,-7.86,7.62,20,18.06,-376.52,0.28,17.6,-6.95,False
11.27,34.65,25.22,-5.95,19,5.64,3.57,-1.6,-2.67,2,29.91,-248.52,-1.78,1.5,-7.91,True
10.76,27.65,29.22,-6.16,5,3.06,5.76,-0.42,-11.43,2,32.4,-243.52,1.14,0.64,-8.58,True
10.61,19.65,29.22,-6.17,51,4.56,4.26,-0.94,-4.98,2,29.97,-271.52,-1.88,1.74,,True
10.08,23.65,25.22,-6.36,1,0.42,7.53,3.18,-5.49,2,30.99,-235.52,-0.48,1.26,-8.01,True
13.54,35.65,21.22,-5.84,11,4.05,2.22,0.8,-4.92,2,34.65,-260.52,-1.38,0.78,,False
6.47,34.65,31.22,-12.21,95,24.45,2.07,-6.86,7.77,20,27,-301.52,-10.12,11.6,,False
10.4,17.65,25.22,-6.17,29,2.97,5.07,-1.64,-3.06,2,29.22,-242.52,-0.98,1.68,,True
7.41,-25.35,51.22,-11.46,120,26.4,-1.65,-9.64,9.6,20,14.19,-316.52,-8.04,16.1,,True
12.71,13.65,25.22,-5.75,70,5.07,6.75,0.18,-6.69,2,39.36,-223.52,-1.6,1.58,,True
11.72,31.65,21.22,-6.21,33,2.97,5.94,0.2,-12.87,2,27.93,-256.52,-1.14,1.82,,True
12.09,15.65,29.22,-5.51,2,0.36,0.48,1.5,-3.6,2,36.81,-238.52,3.38,1.16,-6.98,False
6.76,39.65,51.22,-12.51,275,22.2,1.26,-6.86,6.6,20,18.57,-436.52,-6.02,10.9,-6.16,False
7.79,-15.35,71.22,-12.46,390,19.05,2.64,-5.84,1.11,20,15.42,-311.52,-7.16,11.3,-5.97,False
10.52,27.65,29.22,-6.06,26,3.21,7.41,-0.76,-6.84,2,33.75,-251.52,-1.26,1.26,,True
7.42,119.65,51.22,-11.46,355,42.75,1.02,-8.7,9.93,20,14.46,-411.52,-8.78,17.9,,False
9.56,-0.35,51.22,-10.61,115,23.4,0.06,-5.52,3.12,20,19.53,-396.52,-6.94,13.4,,False
11.39,10.65,25.22,-5.99,2,1.83,0.15,-0.36,-3.78,2,33.3,-239.52,-1.2,1.72,-8.97,True
12.25,21.65,29.22,-5.31,25,5.58,1.02,6.12,-3.6,2,34.92,-247.52,0.58,1.12,,False
10.58,36.65,25.22,-6.15,20,3.45,5.16,4.6,-13.23,2,36.36,-267.52,2.08,0.28,-7.07,False
13.22,38.65,21.22,-5.95,17,2.37,1.56,2.5,-8.7,2,50.37,-259.52,3.7,1.64,,True
6.49,109.65,51.22,-12.71,50,20.55,1.98,-10.98,4.62,20,12.99,-321.52,-11.8,16.4,,True
6.87,59.65,51.22,-11.71,335,27.15,4.53,-4.1,6.42,20,24.51,-436.52,-5.08,12.8,-5.92,False
12.44,38.65,25.22,-6.19,36,4.68,3,-0.78,-2.97,2,28.77,-267.52,1.42,0.86,,False
11.97,48.65,25.22,-6.22,51,5.61,1.5,5.58,-10.47,2,30.99,-264.52,-1.16,0.84,,True
5.26,19.65,71.22,-13.06,190,25.05,-1.44,-11.42,9.72,20,14.19,-271.52,-10.78,13.3,-9,True
8.17,99.65,51.22,-10.16,140,20.4,4.35,2.18,0.45,20,22.05,-406.52,-2.42,11.2,,False
10.25,22.65,25.22,-6.16,16,2.1,3.03,2.42,-10.95,2,28.47,-254.52,-0.58,0.62,-7.07,False
11.96,13.65,25.22,-5.76,5,2.88,5.28,-0.62,-7.2,2,29.19,-252.52,-0.66,1.88,,True
12.8,32.65,21.22,-5.83,23,6.09,4.92,3.76,-13.35,2,31.53,-246.52,0,0.04,-7.47,False
10.31,49.65,25.22,-5.9,13,1.08,2.34,-0.22,-3.75,2,28.38,-251.52,-1.76,1.86,,True
14.77,43.65,25.22,-6.15,39,3.57,8.7,-1.04,-3.09,2,27.51,-262.52,3.94,0.76,-7.69,True
12.79,16.65,25.22,-6.09,70,4.98,3.15,1.76,-8.46,2,35.07,-239.52,-0.54,0.54,,False
7.25,-15.35,51.22,-11.06,250,41.25,-0.87,-8.26,-0.45,20,17.88,-311.52,-8.56,11.1,-7.78,False
8.34,-15.35,51.22,-11.31,140,40.5,0.51,0.22,4.92,20,22.98,-431.52,-6.66,12.2,-6.43,False
10.01,-65.35,71.22,-10.96,135,24.75,-4.17,-9.44,3.06,20,19.74,-361.52,-5.42,17.5,,False
11.15,-50.35,51.22,-11.66,330,31.95,-2.1,-10.12,6.12,20,19.44,-416.52,-10.82,19.5,,True
10.65,22.65,25.22,-6.11,34,3.06,2.79,0.04,-3.84,2,27.54,-251.52,0.14,0.76,,False
14.6,23.65,29.22,-6.14,50,1.98,2.46,2.12,-3.12,0,26.88,-256.52,-0.44,1.8,,True
12.14,12.65,25.22,-6.28,16,2.79,0.63,-0.46,-2.25,2,30.33,-229.52,-1.02,1.42,,True
9.16,69.65,31.22,-10.71,190,24.6,6.6,-8.3,8.79,20,15.21,-371.52,-1.44,18.8,-6.27,False
6.31,49.65,51.22,-13.06,95,30.6,-0.99,-9.54,9.03,20,24.72,-401.52,-9.78,11.4,,True
10.57,24.65,29.22,-5.26,32,5.58,0.78,-0.28,-5.25,2,28.71,-252.52,-0.22,0.92,,False
11.23,44.65,25.22,-5.26,8,6.03,3.45,-0.92,-5.88,2,33.12,-230.52,-0.04,1.92,-6.73,False
7.63,-20.35,51.22,-11.56,350,15.3,4.08,-9.4,8.55,20,18.33,-436.52,-8.28,16.3,,False
10.83,34.65,25.22,-5.85,6,3.9,2.19,0.08,-4.56,2,42.36,-271.52,-0.12,0.82,,False
10.27,28.65,25.22,-6,13,4.23,7.38,5.78,-4.71,2,28.08,-226.52,2.26,0.56,-8.76,True
12.06,24.65,25.22,-6.24,77,3.51,5.52,-1.18,-7.2,2,29.01,-247.52,-0.26,1.64,-8.11,True
12.74,14.65,29.22,-5.92,28,5.19,0.72,-0.78,-3.03,2,28.89,-254.52,-0.24,0.66,,True
11.53,36.65,25.22,-6.04,65,3.18,2.7,-0.4,-3.39,2,34.65,-242.52,-1.6,1.3,,True
10.32,20.65,29.22,-5.76,10,4.92,-0.45,-1.28,-5.04,2,45.48,-245.52,-0.34,1.28,,True
10.97,17.65,25.22,-5.62,10,2.04,1.05,-1.28,-3.57,2,30.69,-253.52,0.44,1.44,,False
6.66,109.65,51.22,-10.76,25,21.15,1.86,-6.84,3.72,20,23.55,-276.52,-6.54,11.3,-7.49,False
10.5,10.65,25.22,-5.38,11,5.79,0.45,2.24,-5.1,2,30.42,-250.52,-1.32,1.76,-7.78,True
5.98,49.65,31.22,-10.81,105,19.35,-0.12,-9.16,4.32,20,18.15,-351.52,-9.16,16.9,,False
7.56,94.65,51.22,-11.86,10,27.6,0.39,-6.1,9.81,20,17.58,-326.52,-10.52,14.2,-7.86,True
11.61,42.65,25.22,-6.2,6,2.37,4.14,2.9,-3.75,2,31.98,-265.52,0.26,0.92,-8.18,False
13.1,42.65,21.22,-6.28,11,5.13,2.79,4.54,-2.76,2,29.01,-243.52,-1.78,0.98,-8.23,True
5.14,44.65,51.22,-14.81,215,22.5,1.71,-11.54,12.18,20,13.17,-421.52,-8.34,13.1,-8.69,True
6.95,64.65,31.22,-12.01,215,32.85,3.72,-5.78,0.66,20,15.96,-376.52,-10.8,19.8,,True
10.28,12.65,29.22,-5.82,15,1.74,5.13,1.62,-3.78,2,28.65,-231.52,10.2,0.78,-8.82,True
4.97,59.65,31.22,-14.01,215,23.1,6.06,-3.56,11.91,20,16.89,-346.52,-12.06,18.1,-7.92,True
7.88,124.65,31.22,-10.91,120,31.35,7.74,-9.12,6.57,20,17.94,-301.52,1.02,12.5,,False
14.14,23.65,25.22,-6.24,21,4.05,2.13,0.86,-10.44,2,28.02,-265.52,3.4,1.64,-9.49,True
13.86,48.65,25.22,-6.05,41,4.86,4.26,-0.94,-4.5,2,28.2,-258.52,1.86,1.34,,True
12.09,15.65,29.22,-5.8,15,5.88,9.54,3.78,-5.22,2,29.43,-248.52,-1.28,0.84,-8.61,True
14.9,31.65,25.22,-6.23,2,0.57,2.52,-1.28,-3.99,2,27.81,-243.52,1,0.86,,True
10.31,17.65,25.22,-5.9,26,1.92,2.22,4.08,-11.1,2,39.66,-257.52,-0.76,1.38,-7.33,False
14.81,23.65,25.22,-5.5,17,4.74,5.34,7.94,-4.11,2,28.35,-246.52,-0.94,1.82,,False
10.75,48.65,25.22,-6.14,12,3.78,1.26,-1.6,-6.18,2,27.54,-225.52,-1.52,1.18,-8.46,True
5.77,-35.35,51.22,-13.21,380,28.65,-0.15,-10.62,2.85,20,20.61,-441.52,-5.74,15.4,-8.26,True
5.86,39.65,31.22,-11.26,130,15.6,2.88,-11.46,9.27,20,12.96,-316.52,-7.76,19.8,-8.31,True
8.58,-5.35,71.22,-11.91,85,18.9,-3.09,-8.54,10.14,20,19.89,-376.52,-9.38,15.9,-7.58,False
6.38,44.65,51.22,-11.26,280,28.35,-0.51,-5.88,9.09,20,20.37,-426.52,-9.88,16.8,-6.41,False
10.66,27.65,29.22,-5.68,5,5.76,1.5,0.26,-2.94,2,30.87,-235.52,0.32,2,,True
5.03,94.65,51.22,-14.26,245,24.15,5.97,-12,11.7,20,14.49,-256.52,-12.9,15.6,,True
11.12,23.65,25.22,-6.17,18,5.97,2.7,0.8,-4.92,2,27.96,-233.52,-1.48,0.86,,True
6.41,64.65,51.22,-10.66,295,41.1,-0.06,-7.18,9.06,20,16.41,-316.52,-9.62,16.2,-6.32,False
11.27,41.65,25.22,-5.81,13,3.3,1.86,4.84,-4.02,2,33.24,-253.52,-1.4,1.02,,False
8.69,89.65,51.22,-11.46,230,28.2,0.6,-9.8,6.39,20,20.79,-351.52,-5.92,13.8,-5.99,False
6.82,89.65,51.22,-10.56,10,37.35,-1.53,-6.7,7.92,20,16.26,-251.52,-5.78,12.6,-7.43,False
12.2,34.65,21.22,-6.17,21,6.12,10.23,-1.1,-5.34,2,29.07,-262.52,10.4,1.4,-8.16,True
7.04,109.65,31.22,-12.56,220,22.05,5.52,-11.14,10.56,20,13.2,-326.52,-10.66,14.5,-6.55,False
12.74,10.65,25.22,-5.64,22,3.51,2.04,-0.5,-18.99,2,30.63,-229.52,-1.48,1.22,,False
11.08,19.65,25.22,-5.89,4,0.9,1.44,-1.32,-10.14,2,41.58,-251.52,-0.8,1.18,-7.83,False
6.17,-45.35,51.22,-11.71,120,19.05,0.84,-8.84,9.87,20,17.34,-431.52,-10,17.1,-7.66,True
6.17,-25.35,71.22,-14.46,200,18,-1.98,-11.5,11.88,20,17.91,-426.52,-11.06,12.8,,True
10.4,43.65,21.22,-6.21,66,4.02,1.92,1.48,-3.18,2,27.15,-237.52,-0.78,1.68,,True
7.36,4.65,51.22,-11.01,100,21.75,-1.11,-7.94,4.92,20,17.85,-416.52,-7.56,12.9,-6.32,False
11.34,12.65,27.22,-5.39,0,3.18,0.12,1.16,-5.07,2,28.41,-262.52,0.18,1.68,-7.27,True
5.93,89.65,31.22,-12.21,50,18.15,3.87,-10.84,8.43,20,13.32,-321.52,-10.7,20.5,-9.25,True
12.15,39.65,21.22,-5.8,14,5.76,11.1,1.52,-13.95,2,31.08,-251.52,4.64,0.64,,False
11.36,27.65,25.22,-6.24,52,1.29,3.27,-1.24,-2.79,2,29.61,-254.52,1.82,1.7,,True
7.3,-25.35,51.22,-10.26,45,20.4,-3.06,-9.06,8.19,20,18,-451.52,-8.36,19.7,,False
11.97,30.65,25.22,-6.05,10,1.26,6.54,5.36,-7.95,2,32.91,-267.52,4.58,1.28,,False
11.89,15.65,25.22,-5.44,31,4.71,1.02,0.78,-7.8,2,28.11,-230.52,-0.06,0.86,-6.64,False
10.51,39.65,25.22,-5.44,4,5.04,8.58,-0.8,-7.05,2,30.48,-234.52,-0.92,0.8,,False
10.44,19.65,29.22,-5.49,40,5.67,1.05,0.06,-3.72,2,33.39,-262.52,-1.18,1.84,,False
4.91,74.65,51.22,-14.36,340,26.55,6.15,-10.84,10.41,20,18.72,-306.52,-11.9,14.1,-8.5,True
11.9,12.65,25.22,-6.25,33,0.9,2.55,-0.84,-4.02,2,29.13,-234.52,0.26,1.62,,True
6.71,84.65,51.22,-13.91,60,17.55,-1.74,-10.96,10.77,20,18.3,-386.52,-10.56,11.5,-9.64,True
5.49,-30.35,41.22,-12.51,5,18.3,-3.63,-10.46,11.4,20,15.6,-381.52,-4.86,15.9,-8.37,True
10.55,26.65,25.22,-6.05,27,2.58,4.44,1.12,-3.24,2,33.42,-252.52,0.94,0.58,,False
5.45,124.65,21.22,-11.66,5,17.55,1.05,-8.36,10.38,20,14.61,-261.52,-9.42,18.1,,True
11.07,35.65,25.22,-6.04,27,5.61,6.21,0.76,-8.85,2,29.61,-264.52,-0.36,0.78,,False
10.42,48.65,21.22,-5.98,23,5.49,2.43,0.62,-6.3,2,33.57,-251.52,-0.2,0.66,-6.56,False
6.64,-5.35,51.22,-14.31,270,22.8,-1.02,-11.14,13.17,20,21.78,-311.52,-9.6,13.5,-8.55,True
5.67,89.65,31.22,-12.71,205,24.9,4.05,-8.98,9.39,20,16.95,-371.52,-11.66,20,-8.09,True
11.77,13.65,29.22,-5.49,7,5.07,2.1,0.86,-9.33,2,35.25,-264.52,-0.06,1.88,-9.05,True
5.62,9.65,51.22,-13.76,335,16.65,4.14,-11.58,12.15,20,15.36,-376.52,-10.26,16.5,-7.67,True
6.45,74.65,31.22,-12.56,80,39.75,3.75,-8.18,9.69,20,17.04,-376.52,-8.52,13.2,-8.55,True
10.66,43.65,21.22,-5.95,2,3.54,5.34,-0.74,-4.38,2,37.83,-250.52,1.48,0,,False
6.46,119.65,51.22,-10.66,165,23.25,4.95,-9.3,12.54,10,18.36,-326.52,-10.82,19.2,,True
8.43,39.65,51.22,-12.21,325,23.7,10.77,-8.68,6.69,20,19.35,-301.52,-8.32,10.3,-7.7,False
10.72,42.65,25.22,-5.96,5,4.92,3.24,4.16,-7.77,2,28.41,-266.52,2.68,1.06,-7.74,False
7.05,64.65,51.22,-11.61,270,22.8,1.32,-10.24,7.29,20,15.3,-371.52,-10.2,19.4,-7.25,False
5.41,109.65,31.22,-11.31,345,20.55,4.05,-9.88,7.11,20,13.65,-326.52,-10.44,18.9,,False
11.56,11.65,29.22,-6.11,26,0.87,9.69,-0.52,-3.15,2,35.01,-243.52,-0.56,1.82,-9.48,True
10.62,34.65,21.22,-5.92,19,3.84,7.86,4.14,-2.91,2,28.77,-243.52,-0.9,1.58,,True
5.47,34.65,51.22,-13.16,130,21.75,-0.36,-9.16,8.7,20,16.92,-426.52,-10.38,14.8,-8.59,True
11.61,47.65,21.22,-6.3,20,3.78,3.09,7.46,-3.81,2,29.1,-224.52,-1.4,0.06,-8.75,True
7.74,89.65,51.22,-11.21,340,26.55,2.73,-5.78,6,20,18.06,-336.52,-7.34,12,,False
6.25,84.65,31.22,-10.96,120,23.85,1.77,-7.78,6.9,20,16.56,-346.52,-9.84,15.8,,False
12.86,28.65,25.22,-5.77,19,5.4,2.28,0.26,-6.21,2,31.71,-266.52,4.28,1.04,,False
11.05,15.65,29.22,-5.52,1,2.04,1.11,4.42,-3.84,2,34.71,-233.52,-0.58,1.04,,True
10.62,21.65,29.22,-5.9,5,0.24,0.45,2.38,-3.66,2,28.02,-269.52,-0.68,0.86,-7.12,False
10.82,11.65,29.22,-5.97,12,2.43,1.5,-0.3,-8.7,2,27.93,-229.52,0.88,0.64,-9.21,True
10.55,28.65,25.22,-6.26,3,0.3,9.99,-0.32,-11.4,2,27.06,-244.52,0.78,1.06,-8.31,True
8.91,-45.35,51.22,-11.01,155,40.05,-2.76,-5.32,3.63,20,18.27,-396.52,-7.44,12.3,-6.3,False
8.23,-20.35,51.22,-12.21,120,21.75,1.53,-5.34,9.09,20,15.27,-316.52,-9.9,11.8,-8.07,True
7.35,104.65,51.22,-11.41,360,26.85,3.36,-8.24,8.1,20,16.32,-366.52,-7.46,14.3,-6.73,False
7.58,44.65,51.22,-10.61,35,31.05,-1.86,-7.76,2.31,20,18.42,-311.52,-7.42,10.6,-6.23,False
10.42,44.65,25.22,-6.09,35,2.43,3.54,-1.28,-9.69,2,39.99,-250.52,-1.3,1.2,,True
5.64,-50.35,71.22,-12.36,230,16.5,-0.54,-6.26,7.29,20,13.32,-311.52,-1.48,17.8,-9.09,True
6.82,-50.35,51.22,-13.31,285,18,-1.29,-3.5,4.38,20,13.05,-421.52,-10.68,14.9,,True
6.54,64.65,31.22,-11.56,55,19.35,3.18,-5.28,-0.48,20,23.07,-326.52,-7.36,10.4,,False
7.27,19.65,71.22,-13.61,210,18.75,-2.22,-3.16,9.96,20,23.28,-431.52,-9.46,14.8,-7.86,True
7.4,104.65,31.22,-12.46,65,27,0.87,-10.26,8.94,20,20.13,-371.52,-9.18,16.6,,True
6.22,-45.35,51.22,-11.96,325,39.75,0.99,-8.28,11.31,20,15.12,-256.52,-8.7,13.1,,True
6.22,94.65,51.22,-11.11,190,23.85,0.12,-10.14,1.2,20,15.99,-286.52,-9.5,17.4,,False
11.16,25.65,25.22,-6.22,27,2.58,1.08,0.26,-6.24,2,27.81,-261.52,-1.28,1.82,,True
7.66,29.65,51.22,-11.56,10,21.3,-2.97,-9.24,7.83,20,18.69,-446.52,-8.48,17.5,,False
5.24,54.65,31.22,-14.51,200,19.8,2.16,-10.6,12.36,20,12.21,-351.52,-11.98,14.3,,True
10.41,32.65,21.22,-6.17,6,2.79,2.25,-1.66,-17.13,2,28.92,-235.52,-2.1,1.46,-8.87,True
7.65,74.65,31.22,-11.26,125,15.6,1.29,-6.84,6.69,20,18.87,-421.52,-6.8,11.8,,False
5.67,14.65,71.22,-13.01,265,28.5,-2.52,-6.66,10.14,20,13.14,-391.52,-10.7,14.8,,True
11.64,14.65,29.22,-5.85,48,4.08,0.6,0.5,-3.63,2,28.95,-258.52,1,0.18,-7.2,False
6.57,-40.35,51.22,-10.21,45,16.05,-2.52,-4.54,8.52,20,18.69,-421.52,-8.56,18.6,-7.47,False
12.82,22.65,25.22,-5.42,12,4.32,5.13,10.38,-8.34,2,31.14,-271.52,1.22,0.94,,False
5.61,-65.35,51.22,-11.21,195,16.05,-1.62,-9.52,-0.21,10,22.47,-281.52,-6.68,11.4,,True
11.69,20.65,29.22,-6.16,6,1.14,0.69,0.1,-4.14,2,32.76,-252.52,2.98,1.46,,True
16.8,49.65,25.22,-5.9,38,4.38,5.28,4.96,-3.87,2,30.39,-264.52,-0.52,1.58,-9.51,True
7.72,-15.35,51.22,-13.06,295,31.95,2.79,-9.04,8.19,20,12.69,-281.52,-10.62,13,,True
11.57,13.65,25.22,-5.68,13,0.33,6.99,3,-3.6,2,34.62,-229.52,-1.04,1.2,-7.44,False
11.62,21.65,25.22,-6.37,7,1.08,0.93,-1.58,-13.68,2,29.97,-229.52,-1.42,0.46,-7.79,True
10.26,18.65,29.22,-5.93,25,1.89,1.92,-0.16,-9.06,2,32.58,-234.52,5.1,0.58,-8.27,False
10.36,22.65,29.22,-5.83,16,0.81,6.9,0.4,-3.06,2,31.98,-239.52,2.02,0.48,,False
12.97,34.65,25.22,-6.33,24,5.04,6.6,-1.02,-5.85,2,28.86,-228.52,-1.64,0.84,,True
7.67,24.65,41.22,-11.06,95,16.65,9.06,-4.5,4.92,20,30.33,-351.52,-9.58,14.2,-6.85,False
11.5,42.65,21.22,-5.84,24,3.9,1.23,-1.58,-13.23,2,32.76,-242.52,-0.38,1.88,-8.72,True
10.76,18.65,25.22,-6.27,7,1.8,1.17,2.04,-8.01,2,27.75,-241.52,-0.3,1.2,-8.17,True
5.86,19.65,51.22,-11.66,150,32.25,-3.69,-9.54,10.11,20,19.8,-251.52,-11.06,16,-8.73,True
11.19,26.65,25.22,-6.27,55,1.65,3.63,-1.38,-2.34,2,29.43,-232.52,-1.98,1.02,,True
7.17,9.65,71.22,-13.66,275,25.95,-0.93,-6.92,9.24,20,20.64,-371.52,-10.5,11.8,-8.7,True
14.07,25.65,29.22,-5.78,20,2.82,2.67,0.44,-11.37,2,34.11,-248.52,-1.02,1.1,,False
6.66,-70.35,51.22,-10.61,150,30.75,-2.82,-8.5,7.65,20,17.88,-451.52,-8.62,17.7,,False
10.43,13.65,25.22,-6.28,14,4.98,1.05,0.4,-3.54,2,33.96,-248.52,-1.48,1.9,-9.14,True
11.06,31.65,21.22,-5.98,7,1.5,7.38,-1.06,-3.12,2,28.59,-248.52,-1.18,1.4,,True
5.86,114.65,31.22,-13.56,305,39.15,2.01,-9.94,12.48,20,12.57,-421.52,-10.08,17.9,,True
7.64,89.65,51.22,-12.31,160,30.45,-0.18,-7.66,1.23,20,26.97,-451.52,-3.84,14,,False
11.51,42.65,25.22,-5.97,19,0.72,3.03,-1.08,-4.74,2,27.21,-231.52,-0.64,1.16,,True
7.69,44.65,51.22,-12.01,120,32.4,2.04,-7.84,6.6,20,23.22,-421.52,-9.02,12.2,-7.37,False
17.24,12.65,25.22,-6.23,9,4.17,4.71,0.82,-4.02,2,30,-258.52,0.54,0.12,,True
6.57,-5.35,51.22,-11.21,170,18.45,-1.2,-6.6,8.52,20,18.9,-391.52,-6.14,13.8,,False
11.92,20.65,29.22,-6.32,70,5.49,1.05,-0.06,-3.63,2,32.79,-243.52,-1.28,0.06,-6.72,False
9.16,-65.35,51.22,-11.66,230,25.8,2.07,-9.74,1.65,20,17.52,-321.52,-10.46,14.4,,True
7.58,99.65,51.22,-11.41,50,28.8,7.05,-9.72,8.46,20,15.33,-446.52,-5.28,17.2,-6.63,False
12.17,30.65,25.22,-6.15,29,0,1.53,2.94,-6.24,2,27.63,-255.52,-1.82,1.58,-8.15,True
6.94,-25.35,71.22,-10.91,10,18.15,5.55,-8.1,7.32,20,27.42,-406.52,-7.3,14.5,-6.34,False
8.18,94.65,51.22,-12.46,35,19.65,0.24,-8.48,5.94,20,25.98,-446.52,-7.4,11.3,-6.79,False
10.44,21.65,25.22,-5.88,9,0.9,4.11,2.06,-6.36,2,37.89,-266.52,2.22,1.3,-7.04,False
10.58,13.65,25.22,-6.02,50,3.06,7.56,1.4,-5.7,2,33.3,-233.52,-0.92,0.48,-7.12,False
12.71,14.65,29.22,-5.93,15,1.08,5.55,-1.52,-9.21,2,33.51,-232.52,2.06,1.18,,True
10.69,15.65,29.22,-5.94,49,4.77,3.48,6.9,-5.61,2,29.82,-240.52,-0.84,0.32,,False
6.83,39.65,31.22,-10.86,305,37.65,0.63,-6.08,8.04,20,21.57,-356.52,-6.84,14.8,-6.83,False
10.09,34.65,21.22,-5.98,34,2.58,6.75,-1.76,-10.62,2,35.94,-239.52,2.16,2.06,-7.63,True
6.2,34.65,51.22,-14.06,65,21.15,-1.59,-10.66,9.45,20,14.28,-331.52,-10.4,10.2,-8.73,True
12.41,12.65,27.22,-5.74,0,0.84,-0.03,1.1,-5.16,2,42.42,-265.52,2.6,0.9,-6.36,False
10.25,26.65,25.22,-6.25,2,4.41,1.17,-0.64,-2.58,2,29.13,-233.52,5.08,0.48,-8.87,True
9.82,34.65,31.22,-11.51,380,42.75,0.6,-8.22,5.97,20,24.21,-436.52,-6.92,13.5,-6.78,False
6.44,-60.35,51.22,-11.21,100,16.35,2.79,-5.56,8.97,20,17.28,-311.52,-9.2,12.5,-6.94,False
11.21,10.65,29.22,-6.13,55,0.72,4.41,3.14,-6.39,2,28.92,-253.52,-0.26,1.14,-8.35,True
7.27,-65.35,71.22,-12.96,210,19.05,0.33,-9.72,6.81,20,17.49,-456.52,-8.8,12.3,,False
10.5,24.65,29.22,-6.05,64,0.57,5.76,-1.34,-3.99,2,33.15,-233.52,0.72,1.6,,True
6.42,-5.35,71.22,-12.51,60,26.7,-0.63,-8.54,6.09,20,31.83,-451.52,-9.14,12.3,,False
5.69,34.65,51.22,-10.86,265,15.45,4.83,-9.78,10.77,20,13.56,-241.52,-10.66,19,,False
7.27,94.65,51.22,-12.76,235,36.45,3.9,-11.42,1.62,20,14.97,-231.52,-11.74,15.4,-8.12,True
10.68,20.65,29.22,-5.96,9,3.48,0.12,-1.28,-4.02,2,30.87,-232.52,3,0.96,-8.41,True
7.55,84.65,51.22,-10.36,95,30.6,3.87,-8.4,7.92,20,17.37,-271.52,-7.52,12.2,,False
12.09,11.65,25.22,-6.22,4,4.77,-0.24,0.16,-9.51,2,31.2,-259.52,-1.28,1.24,,True
12.23,18.65,29.22,-5.91,13,2.43,2.61,1.1,-4.83,2,28.44,-265.52,-0.68,0.04,-6.74,False
11.38,14.65,25.22,-5.59,4,3.66,4.11,5.64,-3.09,2,30.15,-226.52,-0.24,0.68,,True
11.43,28.65,29.22,-6.14,7,2.91,5.58,-0.36,-3.48,2,32.55,-254.52,1.3,1.06,,True
12.69,19.65,25.22,-6.07,5,3.36,3.03,0,-3.06,2,28.59,-234.52,-1.62,1.42,,True
11.78,33.65,25.22,-5.48,49,5.58,6.42,0.06,-4.32,0,32.43,-239.52,-1.1,1.18,-8.04,False
6.72,39.65,51.22,-12.91,80,31.8,2.31,-8.32,7.23,20,16.17,-431.52,-9.22,10,-8.08,False
5.86,-30.35,51.22,-12.06,80,28.2,1.17,-8.84,9.69,20,15.18,-246.52,-9.72,11.2,,False
6.2,-70.35,71.22,-13.21,240,27.9,-3.27,-9.44,10.35,20,15.36,-436.52,-10.1,12.4,-6.49,False
12.29,20.65,29.22,-5.91,13,2.43,0.63,-0.28,-3.51,2,32.01,-240.52,0.2,0.94,-8.9,True
11.63,20.65,29.22,-6.06,71,1.68,2.16,4.84,-10.83,2,29.37,-242.52,-1.72,1.54,,True
10.97,45.65,21.22,-5.95,24,3.03,3.48,0.42,-2.49,2,30.48,-230.52,0.26,1.26,,True
9.17,119.65,31.22,-12.21,150,36.3,3.39,-9.2,12.03,20,13.68,-386.52,-8.88,19.5,-8.53,True
5.34,79.65,51.22,-14.26,280,19.35,3.06,-8.76,6.66,20,13.5,-246.52,-10.92,13.4,,True
10.24,25.65,25.22,-6.08,28,5.43,0.27,-1.2,-3.09,2,29.25,-267.52,0.6,1.72,-8.94,True
6.61,94.65,51.22,-11.21,270,20.1,3.54,-6.86,8.4,20,16.17,-286.52,-3.36,13.7,-7.77,False
10.65,44.65,25.22,-6.11,11,0.99,4.65,1.44,-2.37,2,30.18,-259.52,0.62,1.68,-8.76,True
9.99,74.65,31.22,-10.56,205,21.75,9.12,-7.34,2.1,20,21.21,-411.52,-7.18,14.1,-5,False
10.96,45.65,25.22,-5.73,35,3.96,5.91,1.38,-2.67,2,27.6,-225.52,0.6,1.8,-7.69,True
6.18,-20.35,51.22,-11.71,200,16.65,11.13,-9.6,9.54,20,16.08,-396.52,-9,14.1,-6.25,False
11.15,27.65,25.22,-5.81,18,4.29,1.02,-0.6,-2.67,2,28.23,-227.52,3.42,1.06,-7.49,False
5.71,-45.35,71.22,-10.36,285,16.95,-2.1,-8.58,9.3,20,16.62,-281.52,-10.06,18.4,,True
11.89,31.65,25.22,-5.91,33,4.98,0.66,1.92,-10.98,2,28.89,-237.52,-1.44,0.2,-6.92,False
10.4,14.65,25.22,-5.66,29,2.13,1.02,0,-5.73,2,29.7,-256.52,0.44,1.9,,False
7.74,84.65,31.22,-11.71,265,42.3,2.16,-5.68,5.19,20,17.67,-311.52,-6.18,10.7,,False
10.27,46.65,25.22,-5.88,9,4.14,8.61,4.04,-9.84,2,29.64,-261.52,4.04,1.84,,False
10.21,17.65,29.22,-5.98,7,4.29,-0.06,-0.94,-2.52,2,30.03,-229.52,-1.78,1.58,,True
8.86,39.65,51.22,-10.31,190,33,-2.94,-5.4,3.93,20,19.71,-436.52,-3.9,14.7,,False
13.48,13.65,25.22,-5.32,2,4.02,10.77,4.08,-4.68,2,28.59,-258.52,-0.24,0.82,-6.62,False
5.94,99.65,51.22,-13.21,110,18.75,-0.57,-3.9,9.3,20,17.58,-426.52,-7.14,13,-7.31,False
12.64,31.65,25.22,-5.89,7,4.65,1.89,0.78,-3.3,2,27.96,-267.52,5.94,0.64,-7.28,False
14.67,44.65,25.22,-5.62,7,3.96,2.82,-0.34,-11.16,2,29.37,-257.52,4.32,1.04,-7.05,False
10.62,19.65,25.22,-6.01,26,4.02,4.65,-1.18,-3.81,2,30.57,-253.52,-0.24,0.1,-6.86,False
10.89,25.65,25.22,-6.15,64,2.52,2.04,3.56,-4.2,2,27.09,-231.52,0.5,1.5,,True
5.93,109.65,51.22,-14.31,190,37.65,-0.69,-2.16,4.41,20,14.88,-416.52,-11.32,10.5,-8.96,True
9.71,-50.35,71.22,-10.31,330,19.2,4.08,-6.04,6.12,20,16.74,-386.52,-7.66,17,-6.13,False
11.26,17.65,25.22,-5.91,9,2.91,5.58,-1.04,-3.36,2,29.88,-268.52,-0.9,1.28,,False
11.72,13.65,29.22,-5.69,25,4.92,4.98,-0.32,-4.08,2,45.24,-230.52,0.04,1.06,-8.86,True
11.1,26.65,25.22,-6.09,54,4.2,1.62,0.58,-5.25,2,28.71,-241.52,-0.44,0.1,-7.12,False
7.54,14.65,71.22,-11.56,265,40.05,0.57,-5.48,7.05,20,17.13,-371.52,-5.1,11.6,,False
6.78,99.65,31.22,-11.31,55,34.5,0.42,-5.82,7.89,20,16.11,-291.52,-7.98,10.8,-6.34,False
11.31,25.65,29.22,-6.09,10,1.65,2.22,1.58,-3.24,2,28.11,-260.52,-1.12,0.42,,False
11.56,9.65,29.22,-5.45,38,5.7,1.32,3.52,-9.99,2,30.48,-238.52,1.26,1.52,-9.18,True
6.35,14.65,51.22,-11.26,370,21.15,2.31,-8.44,6.63,20,15.57,-381.52,-10.26,19.7,,False
6.27,-25.35,51.22,-11.76,230,43.05,-1.8,-9.98,7.53,20,15.6,-316.52,-9.26,13.6,,False
7.23,94.65,51.22,-11.61,95,18.9,-0.42,-2.64,6.03,20,18.9,-451.52,-0.28,11.9,,False
6.64,49.65,51.22,-11.21,125,37.2,-3.69,-5.58,5.88,20,25.65,-281.52,-8.74,10.3,,False
6.04,109.65,31.22,-13.46,235,23.85,3,-6.9,10.8,20,21.24,-261.52,-9.98,12.8,,False
9.08,94.65,31.22,-10.76,320,18.15,5.4,-7.88,6.24,20,22.17,-256.52,-9.16,11.2,-5.2,False
12.11,10.65,25.22,-5.96,25,2.07,0.96,6.44,-17.37,2,30.63,-258.52,-1.82,1.74,,False
11.9,46.65,25.22,-5.51,32,5.7,1.95,-0.2,-5.37,2,29.34,-237.52,-0.24,1.38,,False
7.37,-10.35,51.22,-12.41,215,24.15,8.55,-10.6,11.64,20,14.61,-341.52,-11.56,16,,True
5.75,89.65,31.22,-14.51,165,24.3,3.24,-10.62,10.5,20,20.07,-441.52,-10.82,10.9,-7.63,False
10.29,18.65,29.22,-6.28,4,2.97,1.23,-1.74,-4.68,2,29.88,-271.52,-0.32,1.64,-9.53,True
13,18.65,29.22,-5.75,26,3.36,2.58,0.7,-3.39,0,31.41,-240.52,0.12,1.38,,True
10.44,21.65,25.22,-5.59,35,6.48,0.72,1.84,-6.33,2,31.53,-262.52,-0.58,1.84,,False
8.15,114.65,31.22,-11.46,305,27.45,8.64,-10.28,6.51,20,14.46,-441.52,-7.52,19.5,,False
12.06,21.65,25.22,-5.55,34,4.35,3.09,1.08,-5.64,2,41.55,-256.52,1.64,1.58,,False
11.79,13.65,29.22,-5.87,27,2.43,5.67,-0.86,-7.17,2,28.41,-232.52,-1.52,0.08,-7.45,False
13.91,40.65,25.22,-6.18,5,4.38,3.36,-1.42,-3.24,2,36.84,-253.52,-0.74,1.86,,True
10.84,19.65,25.22,-5.92,13,5.82,-0.15,8.94,-6.3,2,29.85,-267.52,1.68,1.56,,True
13,34.65,21.22,-5.94,7,5.28,2.94,-1.28,-8.94,2,32.73,-252.52,0.08,0.54,,False
10.46,20.65,29.22,-5.53,4,4.35,0.18,-0.02,-6.15,2,51.57,-224.52,-1.52,1.02,,True
10.32,25.65,25.22,-5.87,9,3.69,1.35,-1.2,-6.75,2,29.04,-234.52,-0.2,0.98,,False
11.14,18.65,25.22,-5.77,37,5.1,12.36,0.22,-11.76,2,28.44,-231.52,0.3,0.62,,False
10.4,45.65,19.22,-6.22,0,4.71,1.14,7.78,-2.76,2,27.57,-230.52,-1.46,0.22,,True
5.13,39.65,31.22,-12.91,275,34.2,3.81,-7.6,12.48,20,14.52,-366.52,-5.68,17.6,-8.27,True
10.56,18.65,25.22,-6.06,72,5.91,11.43,1.58,-4.32,2,31.47,-261.52,0.06,1.82,-9.19,True
8.18,19.65,71.22,-10.66,265,39.9,-1.47,-4.72,2.28,20,25.92,-441.52,-5.74,11.6,-6.71,False
7.34,34.65,51.22,-10.11,30,40.95,-1.17,-3.28,2.94,20,20.82,-366.52,-6.48,14,,False
10.36,38.65,21.22,-6.13,9,3.69,2.13,1,-13.86,2,32.01,-251.52,-1.24,0.14,-7.15,False
11.03,26.65,29.22,-6.19,16,3,2.91,6.74,-2.46,2,30.54,-246.52,1.84,1.1,-7.12,True
10.66,28.65,25.22,-6.06,17,0.9,1.89,-0.34,-6.45,2,28.32,-258.52,2.78,1.94,-9.58,True
10.4,79.65,51.22,-10.21,85,20.85,-0.9,-7.48,3.93,20,22.26,-356.52,-5.86,13.4,-7.12,False
5.92,119.65,31.22,-12.16,65,32.4,1.29,-10.34,7.74,20,21.78,-316.52,-10.54,12.4,-8.62,False
11.8,9.65,25.22,-5.54,1,5.16,-0.69,4.16,-9.39,2,30.36,-267.52,-0.3,0.62,-7.86,True
6.49,14.65,71.22,-12.06,95,17.85,-2.82,-8.38,7.77,20,20.25,-411.52,-8.58,11.9,,False
10.8,24.65,25.22,-6.32,66,5.13,2.91,0.14,-2.64,2,28.17,-267.52,8.84,1.94,,True
10.26,49.65,25.22,-6.08,11,1.17,1.44,-0.4,-7.14,2,29.88,-252.52,-1,1.34,-8.87,True
10.77,46.65,21.22,-5.71,25,5.97,3.96,-0.68,-4.56,2,28.2,-238.52,1.98,1.18,-8.1,False
10.61,39.65,21.22,-5.97,13,5.19,1.98,-1.26,-2.73,2,28.95,-262.52,-0.68,1.56,-8.47,False
4.99,39.65,51.22,-13.96,250,20.4,1.98,-10.92,9.6,20,16.47,-271.52,-11.82,16.4,,True
11.14,16.65,25.22,-5.61,38,4.29,1.71,3.28,-4.47,2,30.03,-236.52,1.24,1.28,-7.56,False
7.26,69.65,31.22,-12.36,80,17.7,1.86,-8.94,10.65,20,24.21,-436.52,-10.44,16,,False
10.34,17.65,29.22,-6.27,40,0.78,10.59,-0.38,-5.67,2,27.27,-232.52,-1.78,0.06,-7.91,True
10.55,28.65,29.22,-6.3,60,5.64,1.5,0.12,-6.84,2,31.89,-250.52,-1.6,0.78,,True
6.56,-30.35,51.22,-13.51,125,15.45,-3.12,-11.02,10.77,20,13.08,-281.52,-3.52,12.2,,True
6.08,-15.35,51.22,-9.96,260,23.25,-1.62,-10.36,9.72,20,16.86,-231.52,-8.86,18.3,,True
6.72,-30.35,51.22,-12.01,20,17.25,-3.84,-9.64,9.21,20,19.11,-381.52,-7.16,12.6,-7.64,False
6.14,59.65,51.22,-10.76,385,22.5,4.59,-5.16,6.87,20,15.06,-421.52,-8.68,19.1,,False
10.46,48.65,25.22,-5.92,7,3.45,4.17,-0.44,-3.45,2,30.99,-245.52,-0.14,0.08,-6.73,False
11.66,35.65,25.22,-6.12,32,4.17,2.19,1.5,-3.06,2,30.45,-257.52,0.74,1.48,-9.23,True
5.91,14.65,51.22,-11.11,325,22.95,13.71,-8.28,7.47,20,21.21,-241.52,-7.18,13.8,,False
10.94,19.65,25.22,-6.26,21,5.4,0.57,1.9,-2.88,0,27.15,-235.52,3.84,0.38,-8.33,True
11.35,12.65,29.22,-6.01,21,2.67,4.32,-1.1,-6.63,2,28.56,-235.52,-1.42,1.52,-9.24,True
12.42,16.65,25.22,-6.35,20,5.52,-0.21,1.3,-5.25,2,30.12,-248.52,-1.76,0.5,,True
10.9,36.65,25.22,-5.67,19,4.5,1.56,-0.52,-3.27,2,28.08,-251.52,0.68,0.92,-7.82,False
7.64,64.65,51.22,-10.36,315,39.3,1.65,-7.18,8.97,20,16.02,-331.52,-8.28,16.5,,False
10.74,39.65,25.22,-5.86,18,1.86,1.62,-0.28,-8.76,2,28.47,-263.52,6.04,1.8,-8.13,False
4.95,109.65,31.22,-14.31,180,29.25,2.55,-12.1,10.98,20,12.69,-271.52,-11.82,14.1,-7.13,True
10.65,15.65,25.22,-5.57,23,3.15,1.8,0.26,-3.6,2,48.78,-261.52,-0.78,1.24,,False
11.03,17.65,25.22,-5.98,3,5.64,-0.57,-1.44,-3.18,2,27.69,-237.52,2.9,1.02,-8,True
11.79,12.65,25.22,-5.99,61,5.04,1.29,2.74,-3.09,2,28.62,-251.52,0.32,1.08,,False
5.63,-0.35,51.22,-13.06,350,18.15,4.32,-10.74,11.31,20,15.99,-316.52,-7.46,10.7,-7.18,False
5.65,109.65,31.22,-12.51,275,22.5,2.94,-7.78,8.34,20,17.25,-391.52,-9.4,16.2,-6.52,False
10.94,25.65,29.22,-6.01,15,1.44,12.66,0.76,-3.69,2,35.52,-266.52,0.88,0.94,-8.09,False
11.26,24.65,25.22,-6.22,45,2.19,3.09,1.64,-12.39,2,29.25,-266.52,1.26,1,-9.24,True
10.34,18.65,29.22,-5.83,42,5.67,2.97,2.12,-8.67,2,30.45,-225.52,-0.7,1.06,,True
5.98,-10.35,71.22,-11.36,210,24.75,0.03,-9.38,3.66,10,15.39,-371.52,-8.06,13.1,-7.48,True
6.23,89.65,51.22,-12.36,285,27.45,1.65,-9.44,9.6,20,13.62,-411.52,-11.24,17.5,-6.59,False
7.47,119.65,31.22,-11.01,330,29.55,5.7,-6.58,4.71,20,31.5,-441.52,-6.88,12.2,,False
8.81,94.65,51.22,-11.56,100,40.8,-2.97,-9.6,8.88,20,20.88,-341.52,-9.02,12.6,-6.53,False
8.47,54.65,31.22,-10.76,50,37.35,-3.45,-9.52,6.69,20,15.75,-316.52,-2.26,16.2,-5.71,False
7.49,74.65,31.22,-11.26,85,19.05,0.84,-8.3,6.42,20,17.61,-366.52,-8.54,11.6,-7.19,False
10.64,21.65,25.22,-5.51,20,2.94,7.35,1.46,-3.6,2,31.05,-252.52,1.22,1.78,-8.36,False
6.42,119.65,51.22,-13.16,370,33.45,3.93,-8.52,-9.69,20,17.82,-221.52,-12.64,16.5,-8.73,True
6.9,79.65,51.22,-11.56,325,35.25,2.34,-9.88,10.68,20,15.54,-411.52,-3.9,20.4,-6.5,False
6.1,4.65,51.22,-11.11,280,27,1.44,-8.92,6.78,20,22.17,-226.52,-3.1,11.5,-6.77,False
8.16,-35.35,51.22,-11.26,90,30.75,-3.87,-6.76,6.21,20,18.93,-366.52,-7.42,11,-7.13,False
6.97,-70.35,71.22,-10.46,205,23.85,-0.39,-6.48,7.8,20,20.55,-446.52,-7.98,18,,False
10.28,36.65,21.22,-5.87,3,1.62,2.49,-0.88,-5.52,2,30.21,-250.52,-1.52,1.28,-6.57,False
6.34,-25.35,71.22,-11.56,85,16.2,-0.15,-9.08,7.41,20,16.92,-446.52,-6.5,16.4,-7.12,False
7.41,-25.35,71.22,-10.81,185,33.15,-3.63,-6.9,5.97,20,21.69,-451.52,-4.2,13.3,-5.67,False
10.89,16.65,29.22,-6.01,16,5.37,11.88,2.36,-3.39,2,29.43,-256.52,1.06,1.46,,True
7.08,119.65,31.22,-13.51,210,18.75,3.15,-10.4,11.49,20,20.82,-366.52,-11.42,14.1,,False
6.94,-65.35,51.22,-12.36,335,19.65,0.51,-9.56,8.79,20,17.46,-456.52,-3.58,15,-6.94,False
11.81,29.65,23.22,-6.03,66,2.91,1.83,-0.66,-3.48,2,28.53,-233.52,-1.08,1.66,,True
6.54,109.65,51.22,-11.71,150,19.65,12.66,-5.9,2.7,20,16.44,-421.52,-5.14,13.8,-6.77,False
8.1,59.65,51.22,-10.36,40,41.85,0.81,3.28,-2.25,20,31.98,-436.52,-3.58,11.8,,False
11.08,36.65,25.22,-6.34,29,1.26,1.89,-1.56,-2.4,2,32.01,-259.52,-1.96,1.34,,True
10.89,19.65,29.22,-5.61,5,1.74,5.64,-0.64,-4.8,2,28.86,-260.52,-0.46,1.24,,False
6.11,89.65,51.22,-11.76,175,34.8,-1.89,-8.34,6.6,20,13.89,-361.52,-9.36,15.8,,True
6.37,-0.35,71.22,-10.81,145,17.1,-1.05,-5.64,9.03,20,16.59,-311.52,-8.14,14.9,,False
10.72,32.65,21.22,-6.08,7,3.12,3.45,6.8,-9.69,2,31.98,-241.52,-1.14,1.12,,True
10.82,14.65,29.22,-5.94,70,5.28,5.52,-0.98,-3.6,2,32.73,-232.52,-1.28,0.04,,False
7.39,124.65,51.22,-12.46,20,30.3,-2.52,-8.98,7.92,20,17.85,-381.52,-7.78,11.2,,False
12.92,14.65,29.22,-5.72,7,4.77,-0.75,0.08,-2.91,2,29.55,-240.52,2.92,1.78,,True
10.45,34.65,25.22,-6.2,7,4.53,8.28,-0.14,-6.81,2,30.24,-257.52,-0.28,0.44,,False
11.62,16.65,25.22,-5.77,43,5.01,0.84,1.66,-6.03,2,28.89,-247.52,0.54,0.92,,False
11.26,22.65,25.22,-6.2,58,3.42,2.79,-1.4,-4.23,2,28.44,-234.52,-2.1,1.98,,True
10.48,19.65,25.22,-6.14,55,4.41,3.99,2.56,-2.22,2,28.11,-233.52,0.64,1.08,,True
6.84,109.65,51.22,-11.76,375,23.1,4.26,-8.86,4.86,20,17.22,-451.52,-7.5,13.7,-7.7,False
6.49,74.65,31.22,-10.71,65,28.65,-1.65,-8.36,8.13,20,16.5,-436.52,-9.04,17.4,,False
8.67,-10.35,51.22,-11.76,55,17.85,-2.13,-8.32,9.6,20,15.66,-276.52,-10.52,14.7,-9.14,True
10.36,40.65,21.22,-6.26,20,6.12,1.68,-0.34,-4.23,0,26.49,-241.52,-0.24,1.58,,True
11.75,45.65,25.22,-6.23,1,4.62,1.47,-1.24,-11.4,2,29.49,-251.52,1.48,0.78,-9.38,True
7.73,9.65,51.22,-10.86,280,32.4,-1.5,-5.94,5.73,20,16.86,-321.52,-9.48,14.5,-7.21,False
6.95,39.65,51.22,-10.96,340,28.5,1.17,-2.76,8.91,20,20.01,-351.52,-4.9,14.5,,False
8.22,14.65,71.22,-9.96,205,41.25,-1.29,-2.9,2.28,20,21.75,-446.52,-2.82,16.2,,False
10.44,28.65,25.22,-6.15,5,5.25,3.63,-1.08,-2.64,2,29.64,-257.52,-1.66,0.82,-8,True
12.5,14.65,25.22,-5.63,17,4.65,1.68,0.66,-4.32,2,32.19,-255.52,-0.66,1.48,-8.31,False
10.09,8.65,25.22,-6.13,48,5.16,1.59,-0.54,-3.84,2,34.65,-231.52,-0.94,1.78,-9.7,True
12.6,41.65,21.22,-5.49,4,5.04,1.92,0.96,-4.14,2,35.43,-262.52,-0.66,1.48,,False
11.59,19.65,29.22,-5.48,71,6.24,2.67,-0.18,-5.52,2,32.28,-227.52,-0.94,1.76,-7.4,False
6.3,89.65,31.22,-12.01,265,25.65,5.73,-11.74,12.78,20,13.86,-276.52,-7.88,17.9,-6.95,False
6.65,59.65,51.22,-10.81,300,20.4,1.77,-8.3,9.21,20,14.76,-411.52,-7.56,20.1,,False
7.66,49.65,51.22,-11.41,55,34.8,-0.42,-7.38,9.87,20,15.36,-326.52,-3.52,13.7,,False
12.62,8.65,25.22,-5.96,4,3.27,1.47,1.36,-5.22,2,30.63,-244.52,-0.24,1.7,-8.24,True
7.36,114.65,31.22,-12.66,265,36.45,5.76,-6.8,8.64,20,14.58,-381.52,-8.7,11.6,-7.11,False
6,29.65,31.22,-11.66,220,21,2.67,-5.96,0.3,20,14.04,-361.52,-9.28,16.1,,False
5.93,59.65,31.22,-14.31,275,31.5,3.78,-8.12,8.7,20,15.81,-451.52,-10.44,13.4,,False
6.29,24.65,41.22,-11.41,275,24.3,2.67,-7.42,4.71,20,16.83,-316.52,1.36,14.4,,False
10.4,18.65,25.22,-5.47,44,5.76,5.58,5.62,-3.78,2,37.35,-259.52,-0.58,2.08,-7.31,False
11.56,24.65,25.22,-5.44,1,4.29,-0.15,2.9,-9.75,2,31.98,-253.52,0.5,1.46,-7.2,False
7.69,49.65,31.22,-10.91,105,20.85,1.35,-7.48,-4.5,20,20.85,-436.52,-5.18,14,-6.77,False
6.79,-35.35,51.22,-11.56,250,24.15,-0.72,-8.5,7.95,20,29.67,-376.52,-6.28,13.3,-6.79,False
7.81,109.65,31.22,-11.16,350,24.6,3,-4.58,7.02,20,22.14,-316.52,-8.26,11.1,-6.11,False
10.54,34.65,25.22,-5.64,2,5.73,0.45,3.52,-4.02,2,30.27,-227.52,-0.34,0.8,,False
7.17,79.65,31.22,-10.81,50,27.3,-1.71,-9,9.99,20,25.08,-421.52,-6.68,20.3,-6.43,False
11.31,21.65,29.22,-5.73,11,1.02,4.65,-0.44,-3.63,2,28.98,-250.52,-0.02,1.76,,False
8.6,44.65,51.22,-10.91,325,26.4,6.3,-8.64,6.18,20,15.63,-321.52,-1.7,14.2,-6.49,False
12.06,14.65,25.22,-5.92,21,1.23,2.04,-1.1,-3.03,2,29.55,-235.52,2.58,1.64,,True
6.9,-10.35,51.22,-10.86,295,33.6,-0.84,-8.26,3.18,20,19.02,-401.52,-5.64,13.8,-7.48,False
10.33,48.65,25.22,-6.26,35,0.75,8.61,0.84,-3.3,2,31.74,-253.52,-0.5,1.96,-8.89,True
10.44,12.65,29.22,-5.74,6,5.31,0.6,0.26,-6.21,2,32.82,-253.52,0.42,1.12,,True
5.28,39.65,31.22,-13.81,340,24,7.86,-11.22,7.77,20,16.2,-371.52,-12.12,15.6,,False
7.3,99.65,51.22,-11.06,300,17.25,2.79,1.38,5.61,20,17.58,-391.52,-5.44,13.2,-7.08,False
10.7,34.65,21.22,-5.97,23,5.04,2.1,-0.7,-3.12,2,27.36,-236.52,-1.18,1.22,,True
6.01,-65.35,71.22,-12.31,285,42,-3.87,-5.9,3.03,20,25.8,-331.52,-10.02,11.2,-6.14,False
6.24,-15.35,51.22,-12.06,250,32.7,-1.53,-6.46,1.89,20,14.91,-411.52,-10.02,14.6,,False
10.17,36.65,21.22,-6.3,20,4.92,2.31,-1.48,-7.59,2,28.83,-231.52,-1.94,0.44,,True
5.48,94.65,31.22,-13.66,115,15.6,6.87,-10.8,11.55,20,11.97,-446.52,-11.46,18.8,-7.91,True
6.36,64.65,51.22,-12.71,50,19.5,4.56,-8,6.48,20,14.67,-401.52,-8.2,12.8,-6.88,True
6.81,84.65,31.22,-12.41,65,25.5,-0.87,-10.04,5.46,20,16.17,-311.52,-10.02,13.5,,True
12.9,20.65,29.22,-5.89,5,3.27,0.18,5.6,-3.96,2,27.42,-255.52,-1,1.74,,True
10.31,25.65,29.22,-5.86,13,4.71,-0.3,-0.92,-2.85,2,28.86,-260.52,0.46,1.52,,True
8.23,79.65,51.22,-13.26,320,30.75,1.47,-8.36,8.94,20,16.29,-461.52,-11.5,20.1,-8.5,True
5.93,39.65,51.22,-11.51,215,15,2.82,-4.42,9.18,20,16.17,-456.52,-6.26,18.2,,False
6.57,59.65,31.22,-12.46,65,19.65,2.28,-10.98,9.51,20,14.7,-421.52,-8.56,16.7,,True
6.99,79.65,51.22,-10.71,25,20.85,1.47,-7.48,8.79,20,21.36,-341.52,-4.92,14.8,,False
10.89,20.65,25.22,-5.98,65,4.23,3.66,0.1,-5.34,2,28.17,-252.52,0.66,1.12,,False
5.57,89.65,31.22,-13.11,240,42.9,2.19,-8.76,12.42,20,29.4,-266.52,-8.9,15.3,-9.73,True
10.57,29.65,27.22,-6.1,1,0.09,0.63,0.12,-4.89,2,32.52,-259.52,-1.18,0.6,-6.83,False
10.77,23.65,29.22,-5.63,15,5.04,0.45,0.72,-6.33,2,28.62,-268.52,-0.46,1.18,-7.84,False
12.7,34.65,25.22,-6.17,2,2.58,8.97,1.92,-3.06,2,39.48,-246.52,1.4,0.96,-8.53,True
6.21,109.65,31.22,-13.16,130,29.1,6.06,-9.14,8.13,20,16.77,-446.52,-3.1,11.4,,False
12.04,16.65,29.22,-5.94,16,2.28,6.6,-1.4,-7.83,2,30.87,-262.52,-1.5,1.88,-7.96,True
12.27,11.65,25.22,-5.91,9,1.17,4.62,1.48,-6.09,0,28.8,-262.52,1.6,0.2,,False
9.49,114.65,31.22,-10.41,295,42.9,8.34,-1.62,-2.16,20,18.36,-281.52,-7.58,10.4,,False
5.51,54.65,31.22,-12.36,340,39.45,15.27,-10.86,10.2,20,16.14,-456.52,-11.32,18.9,,False
11.85,36.65,21.22,-5.78,15,3.03,6.12,-0.58,-7.68,2,29.4,-251.52,2.24,1.82,,False
5.55,-40.35,51.22,-12.81,360,29.25,1.59,-9.46,10.44,20,15.99,-256.52,-11.34,11.7,,True
10.72,31.65,21.22,-5.75,7,2.43,2.34,1.4,-3.96,2,32.07,-233.52,-1.28,1.86,-9.3,True
10.52,19.65,25.22,-5.81,9,4.38,6.75,10.64,-9.78,2,35.16,-262.52,-1.18,1.22,-7.69,False
9.77,39.65,51.22,-10.86,260,18.15,5.52,-1.84,0.69,10,16.35,-456.52,-9.5,12.9,,False
10.36,26.65,25.22,-6.02,9,3,4.68,3.16,-10.68,2,33.69,-227.52,-1.26,0.36,,False
10.94,13.65,29.22,-5.38,9,4.8,4.95,5.48,-3.6,2,29.7,-233.52,5.68,0.32,-8.66,True
5.93,44.65,51.22,-11.46,140,41.25,4.14,-10.14,9.63,20,18.45,-286.52,-2.88,13.5,-7.9,False
10.05,19.65,29.22,-6.32,11,4.95,-0.3,0.4,-3.24,2,27.63,-265.52,2.08,1.78,-7.4,True
10.89,26.65,29.22,-5.43,3,3.66,0.84,0.44,-5.67,2,43.47,-254.52,-0.32,1.56,-7.42,False
10.82,30.65,21.22,-6.29,62,2.97,2.88,-2.26,-3.48,2,28.59,-234.52,-2.26,1.9,,True
10.88,43.65,25.22,-6.13,5,2.1,1.71,4.74,-4.23,2,32.19,-236.52,0.02,1.2,-9.64,True
6.61,59.65,51.22,-10.91,150,16.65,-0.12,-7.94,9.81,20,27.36,-386.52,-2.46,17.9,-6.85,False
12.73,24.65,29.22,-5.95,52,5.58,2.01,-1.16,-4.47,2,33.3,-245.52,-0.18,1.44,-9.16,True
10.82,16.65,25.22,-6.15,13,3.96,3.48,3.04,-2.97,2,30.42,-259.52,1.54,1.58,-9.06,True
10.85,12.65,29.22,-6.08,13,0.66,0.72,0.28,-2.73,2,29.07,-244.52,1.9,1.14,,True
13.55,47.65,21.22,-5.77,14,5.31,1.86,0.1,-4.68,2,27.63,-244.52,0.84,1.48,,False
5.21,24.65,41.22,-13.91,315,20.55,4.89,-10.42,11.76,20,12.63,-271.52,-10.44,10.3,-7.96,False
11.42,38.65,25.22,-5.92,10,2.13,1.23,1.9,-8.76,2,30.75,-232.52,0.98,1.56,,True
10.4,44.65,21.22,-6.07,6,4.98,7.56,-0.02,-3.03,2,30.6,-241.52,-0.98,1.56,-8.6,True
10.25,34.65,25.22,-6.16,10,3.3,3.9,-0.46,-2.97,2,28.71,-247.52,-1.16,0.92,-8.52,True
7.9,94.65,31.22,-11.11,125,24.75,3.72,-7.86,-8.55,20,19.05,-366.52,-4.66,10.9,,False
10.77,36.65,25.22,-6.13,18,4.23,4.17,-1.42,-3.3,2,28.62,-260.52,-1.24,0.62,,False
7.14,29.65,51.22,-12.21,260,29.55,7.23,-9.02,6.42,20,29.58,-286.52,-7.42,11,,False
11.67,16.65,29.22,-5.36,19,1.83,8.43,-0.26,-5.25,2,29.34,-244.52,5.3,1.72,-7.58,False
5.78,99.65,51.22,-11.71,190,25.65,-0.18,-4.88,9.87,20,13.65,-351.52,-11.1,20.3,-8.17,True
11.11,28.65,29.22,-5.43,46,5.64,9.18,0.06,-4.05,2,30.66,-248.52,-0.9,1.82,-6.96,False
6.38,-40.35,71.22,-12.86,350,16.05,-1.11,-9.72,7.74,20,18.57,-366.52,-4.98,12,-6.85,False
5.74,29.65,31.22,-14.56,35,17.4,-2.07,-10.6,12.78,20,12.27,-331.52,-6.46,10.6,-8.88,True
8.03,84.65,31.22,-13.81,310,44.4,8.01,-0.16,11.16,20,14.85,-356.52,-9.26,10.3,,False
12.44,35.65,21.22,-6.3,30,3.72,2.4,0.94,-7.47,2,29.34,-247.52,-0.94,1.16,-9.04,True
6.63,109.65,31.22,-11.56,230,41.25,5.52,-10.86,10.11,20,16.5,-351.52,-8.7,17.4,,False
12.63,19.65,29.22,-6.22,57,5.82,3.48,1.68,-6.78,2,27.9,-267.52,0,0.06,-7.72,False
10.75,47.65,25.22,-6.02,9,3.93,1.98,-1.62,-8.79,2,28.83,-251.52,-0.36,1.56,,True
10.61,23.65,25.22,-5.42,13,3.45,2.7,2.12,-3.3,2,28.47,-246.52,-0.78,1.34,-6.62,False
12.62,11.65,29.22,-6.2,66,4.74,1.11,1.88,-9.36,2,30.57,-265.52,-1.68,1.54,,True
6.47,44.65,51.22,-11.86,350,35.55,0.36,-7.78,8.13,20,20.64,-366.52,-8.68,11.5,-6.9,False
7.68,-0.35,51.22,-10.31,135,41.55,-3.81,-4.18,-4.14,20,21.48,-361.52,-6.86,11.2,-7.73,False
13.34,47.65,25.22,-5.78,31,4.68,3.57,-0.44,-8.76,2,31.56,-266.52,1.1,1.18,,False
6.67,24.65,41.22,-12.06,185,38.4,-2.55,-7.48,6.3,20,16.32,-446.52,-9.7,14.1,,False
11.7,-80.35,51.22,-11.61,110,18,-3.45,-8.02,5.01,20,20.4,-426.52,-6.66,11.3,-6.73,False
10.59,16.65,29.22,-5.56,3,1.2,0.21,2.02,-3.36,2,30.75,-237.52,-1.24,1.72,,True
11.28,14.65,29.22,-6.18,22,6.03,1.29,0.04,-3.63,2,32.64,-270.52,0.08,1.64,-7.73,True
10.56,33.65,21.22,-6.25,13,6.09,2.16,-1.6,-4.83,2,35.97,-254.52,1.56,2,-7.95,True
11.19,26.65,29.22,-5.89,13,5.73,0.48,-0.3,-6.66,2,29.37,-269.52,2.72,1.3,,True
10.69,48.65,21.22,-5.99,20,5.1,1.08,3.66,-9.03,2,31.02,-242.52,-0.64,1.6,,True
11.07,20.65,29.22,-6.22,18,1.2,2.7,-1.44,-6.33,2,28.47,-244.52,3.64,0.36,-7.1,False
6.51,119.65,31.22,-12.76,355,24.15,8.97,-10.58,10.05,20,14.82,-361.52,-10.04,13.1,,False
11.94,44.65,19.22,-6.1,0,2.49,2.4,-1.66,-3.99,2,27.72,-258.52,-1.26,1.44,,True
6.61,-20.35,51.22,-11.46,145,16.05,4.5,-9.16,7.86,20,18.48,-306.52,-6.88,11.5,,False
7.42,64.65,31.22,-11.56,255,19.65,4.11,-7.5,3.42,20,22.11,-426.52,-4.4,10.5,-6.01,False
12.82,18.65,25.22,-5.79,16,6.21,0.63,3.74,-11.61,2,31.71,-271.52,-1.48,1.56,-8.66,True
10.28,26.65,29.22,-6.2,1,4.05,-0.21,-1.32,-5.1,2,30.51,-230.52,-1.64,2.06,-7.35,True
7.53,19.65,51.22,-11.61,65,19.5,-1.29,-4.78,8.31,20,15.42,-426.52,-3.78,15.4,-7.23,False
11.07,21.65,29.22,-6.2,11,2.85,0.84,1.56,-4.2,2,28.11,-261.52,3.22,1.24,-9.53,True
10.8,34.65,21.22,-6.21,7,3.48,2.52,-0.6,-5.85,2,28.41,-245.52,0.42,0.6,,False
10.34,10.65,29.22,-6,3,0.96,2.4,-1.2,-4.8,2,29.91,-267.52,-0.8,2,-7.04,True
12.09,30.65,21.22,-6.01,26,0.45,11.73,-1.48,-3.93,2,38.04,-244.52,-1.26,1.74,-8.14,True
9.03,94.65,31.22,-10.56,220,20.7,3.87,-0.32,2.85,20,20.61,-386.52,-3.9,10.6,,False
10.86,47.65,21.22,-6.03,40,5.34,2.28,-1.58,-8.82,2,28.8,-259.52,2.58,1.9,-9.52,True
10.89,29.65,23.22,-6.25,9,0.36,6.9,-0.02,-11.52,2,38.58,-242.52,2.02,0.96,,True
10.86,12.65,29.22,-6.02,62,0.33,2.61,-1.14,-4.08,2,28.29,-268.52,-1.32,1.8,-8.68,True
12.02,31.65,21.22,-6.17,12,0.84,2.28,0.42,-3.45,2,30.27,-262.52,-0.7,1.68,-8.66,True
12.43,18.65,29.22,-6.01,2,0.33,2.94,1.12,-8.43,2,27.78,-248.52,-1.02,0.02,-6.44,False
11.49,35.65,21.22,-5.8,3,1.56,1.77,-1.72,-3.51,2,27.39,-229.52,2.16,1.8,-8.39,True
11.4,27.65,29.22,-5.69,12,4.59,3.48,0.54,-8.82,2,35.58,-265.52,4.06,1.18,-6.97,False
11.35,24.65,29.22,-6.17,6,3.12,2.97,-0.02,-3.18,2,30.51,-233.52,-0.26,0.7,-7.07,True
5.62,-35.35,51.22,-12.41,285,18.75,1.38,-10.46,9.6,20,12.96,-271.52,-7.44,13.2,,True
6.22,89.65,51.22,-13.51,135,18.3,1.71,-7.66,9.87,20,12.51,-366.52,-10.52,14.9,-7.66,True
7.45,89.65,51.22,-11.06,130,19.65,2.73,-7.52,0.15,20,25.95,-461.52,-2.2,13.5,-6.2,False
5.82,129.65,51.22,-13.26,235,20.4,9.9,-6.42,12.06,20,16.17,-261.52,-12.42,16.1,,True
4.86,-40.35,51.22,-14.51,250,18.15,-0.48,-7.98,3.36,20,13.14,-331.52,-10.84,14.4,-7.73,True
5.78,94.65,31.22,-11.21,150,41.7,3.75,-10.16,5.31,20,14.58,-276.52,-11.06,15.9,,True
10.41,11.65,29.22,-6.18,2,3.18,1.65,-1.24,-2.82,2,30.75,-264.52,-1.52,0.4,-7.9,True
5.67,39.65,31.22,-12.56,265,29.85,2.04,-10.1,9.78,20,13.35,-406.52,-8.3,18.8,-7.91,True
10.28,14.65,29.22,-6.22,42,0.87,13.53,-0.68,-2.22,2,28.77,-250.52,-1.12,1.52,,True
6.41,89.65,51.22,-11.16,120,15.15,1.47,-8.06,2.55,20,14.67,-376.52,-9.24,18.6,,False
6.54,64.65,51.22,-11.46,50,29.55,-3.78,-5.02,5.64,20,16.86,-411.52,-8.18,17.2,,True
6.86,-30.35,51.22,-12.46,285,28.35,2.22,-11.94,12.21,20,19.11,-331.52,-11.06,19.2,-8.74,True
14.42,18.65,29.22,-5.99,21,1.74,0.63,-0.8,-3.48,2,32.37,-237.52,-0.56,0.1,-7.91,False
6.63,-15.35,71.22,-11.71,355,23.85,-1.56,-10.86,11.94,10,15.6,-296.52,-10.1,12.8,-9.57,True
9.63,99.65,31.22,-11.36,15,24.6,0.18,-9.9,9.36,20,26.67,-366.52,-11.16,19.5,,True
6.01,109.65,51.22,-12.56,330,41.1,3.27,-4.5,6.42,20,22.26,-396.52,-8.6,16,-6.64,False
10.85,42.65,21.22,-6.13,4,3.87,8.79,0,-6.18,2,37.59,-240.52,5.44,0,-7,False
12.08,13.65,25.22,-6.28,33,2.16,5.37,0.1,-2.64,2,29.13,-254.52,-0.72,0.18,-6.89,False
7.02,124.65,31.22,-11.81,145,18.6,8.31,-7.68,10.65,20,13.11,-296.52,-1.96,17.8,-7.2,False
11.23,19.65,29.22,-6.01,13,5.7,1.47,0.64,-7.86,2,28.11,-226.52,1.24,0.24,,True
10.53,20.65,29.22,-6.13,55,2.64,0.99,0.18,-5.1,2,29.88,-266.52,-1.2,0.8,-7,False
5.01,114.65,31.22,-15.21,125,16.2,4.08,-12.08,12.48,20,12,-341.52,-12.34,12.8,-8.17,True
13.85,44.65,25.22,-5.93,5,5.52,0.87,-1.22,-6,2,29.49,-234.52,-1.42,1.18,,True
9.08,99.65,51.22,-12.01,355,27.3,4.32,-9.8,10.59,20,21.78,-251.52,-10.9,12,,False
7.51,-55.35,51.22,-12.01,225,30.45,2.16,-11,11.79,20,13.65,-271.52,-9.18,15.4,-9.15,True
9.02,24.65,61.22,-11.66,65,15.6,4.77,-6.2,7.29,20,19.92,-371.52,-10.7,16.5,-8.79,True
9.71,-35.35,71.22,-11.66,235,44.55,2.46,-9.24,2.31,20,17.4,-361.52,-4.34,12.8,-7.81,False
11.45,11.65,25.22,-6.05,15,1.8,3.27,3.18,-4.68,2,27.9,-233.52,1.12,0.96,-9.07,True
10.38,14.65,29.22,-6.18,49,1.02,3.78,4.84,-5.28,2,34.8,-249.52,0.02,1.94,-8.51,True
5.23,134.65,31.22,-15.01,200,21.3,6.87,-10.6,12.78,20,16.92,-381.52,-12.14,14.6,,False
10.9,29.65,27.22,-6.08,43,1.56,12.39,1.94,-8.79,2,28.5,-236.52,1.32,1.74,-8.86,True
15.53,16.65,25.22,-6.05,7,0.03,5.76,-1.12,-4.56,2,29.76,-236.52,-0.38,0.14,,False
8.61,-50.35,51.22,-11.01,190,43.5,1.8,-7.76,5.79,20,20.46,-446.52,-6.84,13.7,-7.82,False
10.29,21.65,25.22,-5.98,19,2.34,4.02,0.28,-3.63,2,27.87,-265.52,-1.22,1.54,,False
9.7,-10.35,51.22,-11.66,360,20.7,8.31,-8.8,6.93,20,16.74,-361.52,-5.68,11.5,-7.36,False
10.31,27.65,29.22,-6.16,15,4.47,0.24,-0.62,-7.59,2,35.43,-268.52,-1.14,0.46,-9,True
8.31,19.65,71.22,-11.81,205,20.7,-2.16,-7.06,7.71,20,15.27,-311.52,-9.38,14.9,,True
5.7,79.65,31.22,-12.91,380,28.8,4.05,-12.12,-1.26,20,11.28,-236.52,-12.06,19.3,,False
10.6,17.65,25.22,-6.05,2,3.54,1.8,1.76,-3.78,2,34.32,-231.52,0.02,0.38,-8.69,True
10.82,11.65,29.22,-5.36,35,5.37,1.47,3.3,-6.63,2,30,-259.52,-1.22,1.92,-8.89,True
11.2,18.65,29.22,-6.17,72,0.48,5.16,5.4,-11.34,2,41.49,-253.52,-1.6,1.46,,True
7.74,74.65,31.22,-11.66,35,20.85,-1.29,-8.86,7.65,20,16.86,-381.52,-3.78,11.8,-8.18,False
5.52,89.65,31.22,-14.91,305,31.65,2.43,-10.38,12.87,20,14.52,-281.52,-11.64,11.5,-8.93,True
11.7,-20.35,71.22,-11.06,350,38.85,0.54,-8.96,3.54,20,19.65,-266.52,-9.26,10.7,,False
10.3,13.65,29.22,-5.6,32,0.69,0.93,1.28,-5.28,2,27.9,-238.52,3.56,1.88,,False
8.64,24.65,61.22,-10.81,360,22.65,1.35,-3.96,5.97,20,18.33,-326.52,-3.38,11.9,-6.62,False
5.91,64.65,31.22,-12.46,80,20.25,2.85,-11.38,6.96,20,14.61,-281.52,-10.02,14.6,,True
6.37,24.65,41.22,-10.71,180,21.15,0.18,-7.22,5.64,20,20.13,-226.52,-9.04,11.8,,False
10.96,29.65,27.22,-6.24,38,5.1,4.98,7.44,-2.7,2,27.33,-265.52,-1.02,1.08,-7.76,False
10.99,17.65,25.22,-6.09,42,0.12,3.72,-0.34,-7.2,2,27.45,-242.52,0,1.28,,True
11.08,13.65,29.22,-5.87,23,3,4.83,0.08,-7.17,2,28.83,-232.52,1.84,0.86,-7.68,True
11.37,7.65,29.22,-5.54,10,2.46,-0.12,-1.1,-5.7,2,37.08,-227.52,1.46,0.94,,True
12.95,45.65,21.22,-5.92,6,3.12,11.85,1.3,-16.38,2,32.25,-250.52,-0.76,1.38,,False
14.29,13.65,25.22,-6.16,9,1.71,0.72,0.46,-3.6,2,27.51,-244.52,-0.12,0.46,-7.86,True
5.67,39.65,31.22,-14.21,360,38.25,4.05,-10.96,13.41,20,20.49,-261.52,-10.38,12.5,,True
11.51,10.65,27.22,-5.39,0,1.02,0.27,-1,-10.53,2,31.92,-235.52,1.54,1.52,,False
5.64,44.65,51.22,-10.91,65,27.45,0.57,-10.18,9.57,20,14.37,-281.52,-7.48,17.3,-8.76,True
13.87,20.65,25.22,-6.24,15,2.16,13.59,2.02,-15.21,2,29.94,-262.52,2.24,0.66,,False
9.96,44.65,51.22,-11.86,100,32.85,-0.36,-7.8,5.91,20,17.07,-451.52,-6.58,13.5,-7.08,False
10.39,34.65,25.22,-6.03,5,4.92,1.02,2.52,-4.2,2,30.48,-248.52,-1.52,0.24,,False
11.41,40.65,25.22,-5.96,10,3.12,4.5,-1.28,-5.28,2,33.69,-228.52,-1.62,0.1,,False
11.08,19.65,25.22,-5.95,41,4.05,0.84,0.76,-3.18,2,28.8,-248.52,1.7,0.14,,False
7.71,59.65,51.22,-10.36,30,27.3,-3.33,-2.76,3.54,20,23.31,-416.52,-7.36,13.9,-6.53,False
10.38,28.65,29.22,-6.17,72,3.12,9.15,-0.26,-3.42,2,27.42,-239.52,-0.62,0.9,-8.37,True
10.38,30.65,21.22,-6.25,8,4.17,1.05,-1.84,-2.76,2,27.87,-238.52,-0.28,0.88,-7.79,True
11.73,20.65,29.22,-6.13,5,5.82,0.24,0.56,-3.6,2,34.65,-246.52,0.08,1.22,-9.05,True
10.43,38.65,25.22,-5.43,8,6.06,4.95,1.64,-4.62,2,29.4,-236.52,-1.38,1.36,,False
5.97,39.65,51.22,-10.66,220,42.45,-3.3,-7.36,8.61,20,14.67,-316.52,-7.94,18.7,,True
10.56,14.65,25.22,-6.25,16,0.27,2.82,-0.64,-2.64,2,31.41,-263.52,-0.82,0.84,,False
6.28,29.65,31.22,-10.86,10,25.2,-2.85,-9.2,6.75,20,17.43,-376.52,-3.38,16.9,,False
11.83,46.65,25.22,-6.07,26,4.23,1.05,0.36,-6.54,2,27.39,-245.52,1.12,1.16,,True
6.59,104.65,51.22,-12.41,165,36.45,6.78,-8.14,-3.21,20,16.35,-341.52,-9.14,12.3,-7.81,True
7.48,84.65,31.22,-12.71,345,24.9,4.44,-7,-1.11,20,15.57,-436.52,-11.2,17.7,-7.38,False
7.35,84.65,31.22,-11.26,240,34.5,0.63,-8.46,2.13,20,19.53,-341.52,-8.5,11.3,,False
7.2,34.65,51.22,-11.56,10,34.5,5.13,-4.04,6.12,20,18.75,-436.52,-1.82,11.4,-6.19,False
5.87,-45.35,71.22,-10.51,125,19.5,-3.93,-6.98,9.81,20,17.73,-316.52,-7.16,17.6,,False
6.11,44.65,31.22,-11.01,115,36.45,-1.23,-8.06,9.72,20,15.45,-351.52,-3.84,15.9,-6.31,False
11.43,40.65,25.22,-5.41,1,3.69,1.53,3.66,-9,2,34.23,-249.52,1.18,1.9,,False
10.61,22.65,25.22,-6.26,21,0.87,2.79,-1.66,-2.82,0,27.63,-250.52,0,0.52,-7.77,True
13.84,20.65,25.22,-6.24,8,2.01,2.31,0.54,-10.14,2,28.17,-243.52,0.42,1.42,-9.74,True
5.92,-5.35,51.22,-13.31,240,21.3,-1.29,-8.12,10.29,20,13.56,-286.52,-9.34,11.6,-9.42,True
8.27,-35.35,71.22,-10.46,60,28.95,-1.02,-7.58,0.72,20,20.88,-371.52,-8.3,13.8,-6.15,False
9.77,64.65,51.22,-10.46,185,41.85,-2.43,-7.82,7.08,20,24.75,-401.52,-8.18,14.5,,False
7.43,-15.35,51.22,-11.31,145,16.5,-2.13,-1.2,7.47,20,17.31,-466.52,-9.84,18.1,,False
10.2,16.65,25.22,-6.21,43,1.68,3.66,-0.56,-13.62,2,28.98,-237.52,3.86,1.64,,True
7.04,24.65,61.22,-11.51,315,44.25,-2.58,-8,6.24,20,16.38,-431.52,-7.74,14.3,,False
6,89.65,51.22,-12.51,290,17.7,2.61,-7.3,11.34,20,22.23,-341.52,-9.82,13.4,,False
12.02,25.65,25.22,-6.14,17,3.48,5.1,-0.18,-6.84,2,29.91,-261.52,2.66,0.32,,False
7.36,124.65,31.22,-10.31,340,42.6,4.95,-7.38,4.56,20,28.53,-446.52,-6.54,17.7,-6.86,False
10.95,50.65,25.22,-5.82,42,4.5,2.1,-0.52,-3.87,2,29.79,-249.52,-0.98,1.28,-8.47,True
11.67,18.65,29.22,-5.84,8,4.47,0.12,1.54,-8.01,2,33.06,-269.52,-0.56,0.4,,True
6.42,-20.35,71.22,-11.36,270,29.7,-2.01,-10.36,9.24,20,18.72,-356.52,-6.6,16.3,-8.22,True
10.14,28.65,29.22,-6.17,45,4.68,5.61,0.08,-2.28,2,28.35,-234.52,-2,1.78,,True
9.61,9.65,51.22,-10.71,40,29.4,-1.56,-8.26,6.06,20,18.78,-461.52,-8.2,16.4,,False
12.65,16.65,29.22,-6.28,19,4.77,2.25,0.54,-2.58,2,28.14,-227.52,-1.48,0.24,,True
10.43,24.65,29.22,-6.15,41,2.49,1.29,-0.04,-4.11,2,30,-246.52,2.78,0.3,,False
11.12,19.65,25.22,-6.02,31,2.01,1.44,4.14,-2.7,2,30.51,-264.52,2.36,1.36,-6.96,False
6.91,19.65,71.22,-13.26,255,26.25,-2.94,-5.2,8.07,20,15.39,-441.52,-7.52,10.8,,False
6.23,39.65,51.22,-14.06,235,21.45,2.04,-5.24,9.51,20,17.49,-441.52,-10.66,11.6,-7.83,False
5.44,-5.35,51.22,-12.41,295,31.5,1.62,-3.64,9.24,20,13.83,-251.52,-8.5,13.4,,True
13.02,24.65,25.22,-6.07,13,1.77,3.6,-1.32,-4.68,2,28.08,-256.52,-0.86,0.92,-7.61,False
5.91,109.65,31.22,-11.06,60,18.3,3.12,-2.96,5.1,20,20.28,-291.52,-7.18,16.7,-7.64,False
6.42,-15.35,51.22,-11.96,190,15.75,-1.56,-10.8,8.37,20,16.5,-351.52,-11.34,17.8,,True
10.61,49.65,31.22,-10.61,100,29.55,2.52,-1.14,6.51,20,18.9,-301.52,-6.4,10.7,-6.62,False
7.67,-75.35,51.22,-12.91,350,16.65,2.52,-9.06,8.58,20,18.48,-421.52,-8.68,14.9,,False
11.37,26.65,25.22,-6.14,13,4.83,8.55,0.06,-3.6,2,45.69,-234.52,4.22,1.18,-7.87,True
10.54,32.65,21.22,-6.31,51,3.24,3.39,1.64,-3.36,2,27.81,-239.52,1.54,1.04,,True
6.02,109.65,31.22,-12.56,45,31.65,2.76,-8.3,9.51,20,16.83,-401.52,-5.46,13.6,-6.86,False
8.54,-50.35,71.22,-12.06,330,37.2,-3.81,-7.44,5.31,20,21.24,-461.52,-3,11.2,,False
11.32,18.65,25.22,-5.67,38,3.9,0.54,0.82,-3.36,2,31.02,-234.52,3.56,1.24,-7.27,False
8.12,44.65,51.22,-14.31,140,24,-1.77,-10.38,6.78,20,13.77,-441.52,-9.3,10.3,-7.35,True
12.14,19.65,29.22,-5.37,33,3.9,2.28,8.46,-11.31,2,29.94,-230.52,0.72,0.92,,False
5.48,-50.35,51.22,-12.01,245,28.8,-0.3,-11.28,7.5,20,17.55,-291.52,-3.84,18.3,-8.73,True
10.56,20.65,29.22,-6.27,21,4.14,-0.15,2.4,-4.26,2,28.8,-268.52,-0.38,0.08,-8.67,True
5.62,64.65,51.22,-11.96,250,22.65,6.15,-9.22,10.8,20,17.64,-351.52,-10.84,19.2,,True
14.52,23.65,25.22,-6.29,15,4.8,4.86,2.24,-8.22,2,30.3,-256.52,-0.16,0.64,,True
11.09,28.65,29.22,-5.7,29,2.43,1.53,-0.46,-4.68,2,28.62,-267.52,1.02,1.56,-8.34,False
11.2,20.65,29.22,-5.8,18,2.01,1.35,-0.52,-4.8,2,31.08,-260.52,0.52,1.02,-7.11,False
8.4,-30.35,71.22,-10.46,15,18.45,-1.98,-6.08,3.72,20,21.33,-336.52,-7.14,10.1,-5.18,False
7.7,119.65,31.22,-13.41,345,31.65,3.63,-7.88,6.33,20,17.76,-356.52,-9.78,10.2,,False
6.92,-15.35,51.22,-9.96,290,36.3,-2.04,-4.44,7.02,20,17.16,-261.52,-0.98,15.9,,False
5.37,84.65,31.22,-12.51,135,15.6,2.67,-11.82,-0.57,20,13.2,-251.52,-12,17.7,-7.62,True
11.98,23.65,29.22,-6.06,2,0.03,10.08,0.48,-6.81,2,29.67,-256.52,0.56,0.7,-6.22,False
12.14,19.65,29.22,-5.32,41,5.04,4.95,1.74,-17.67,2,30.12,-265.52,1.96,1.88,,False
8.52,-40.35,51.22,-10.16,165,22.35,-3.21,-7.08,-3.63,20,25.11,-416.52,-6.12,14.2,-6.07,False
10.78,14.65,25.22,-5.87,20,3.12,0.9,3.66,-5.25,2,31.53,-235.52,3.84,0.68,-7,False
10.79,22.65,29.22,-6.23,22,3.3,2.16,1.3,-9.42,2,30.3,-251.52,-0.2,1.1,-8.68,True
5.41,44.65,51.22,-13.01,355,19.95,8.34,-11.08,11.94,20,17.4,-371.52,-9.64,14.7,,False
5.61,94.65,31.22,-15.16,300,29.4,5.85,-11.46,5.76,20,11.64,-236.52,-11.66,13.4,,True
10.23,17.65,25.22,-6.11,1,1.08,4.29,-1.44,-4.05,2,33.54,-246.52,0.1,0.6,,False
10.62,29.65,23.22,-6.36,23,2.31,1.32,-1.36,-2.64,2,33.51,-240.52,-0.78,1.52,-8.57,True
11.43,24.65,29.22,-6.01,17,0.63,4.29,1.18,-3.51,2,35.82,-259.52,-0.46,0.54,-7.28,False
8.61,49.65,51.22,-12.16,295,18.75,7.44,-10.2,10.29,20,17.73,-286.52,-5.78,10.7,,False
12.83,32.65,25.22,-5.96,18,3.18,1.26,2.98,-15.45,2,27.99,-261.52,-1.08,1.9,,False
7.52,-40.35,71.22,-10.76,295,17.7,0.87,2.92,9.36,20,16.41,-281.52,-9.8,18.6,-8.27,True
7.07,-70.35,51.22,-11.56,165,43.5,-2.94,-5.98,7.14,20,20.22,-326.52,-9.02,10.7,,False
9.1,49.65,51.22,-10.21,375,28.8,9.06,-4.22,-4.14,20,21.72,-326.52,-3.28,10.6,,False
4.89,94.65,31.22,-14.06,340,25.2,4.41,-11.72,9.03,20,10.53,-256.52,-9.46,19.6,-9.54,True
6.89,64.65,31.22,-11.36,170,41.1,-2.67,-8.62,6.93,20,16.56,-281.52,-8.94,12.6,-7.1,False
6.16,19.65,71.22,-10.51,35,18.45,1.89,-2.38,3.96,20,27.6,-286.52,-3.9,15.4,-6.51,False
5.04,49.65,51.22,-12.46,315,18.75,2.58,-8.88,8.52,20,14.34,-281.52,-10.52,18.9,-8.19,True
10.38,20.65,25.22,-6.18,9,5.82,-0.45,-1.42,-5.13,2,28.14,-263.52,6.36,0.74,-7.97,True
8.94,-0.35,71.22,-11.86,185,29.25,3.81,-9.38,8.25,20,15.72,-391.52,-8.74,12.8,-7.67,False
8.06,-50.35,51.22,-10.96,165,33.9,-1.62,-3.6,3.18,20,21.9,-416.52,-1.82,10.2,-5.57,False
10.4,16.65,25.22,-6.01,6,2.61,0,0.92,-3.96,2,31.05,-232.52,-1.38,0.38,-8.46,True
10.51,23.65,29.22,-5.99,36,4.44,7.68,-1.08,-5.4,2,29.43,-267.52,1.08,0.92,,False
5.41,104.65,31.22,-14.11,150,33.3,1.2,-9.94,11.85,20,13.26,-371.52,-10.84,13.6,-8.66,True
10.76,19.65,25.22,-5.95,52,3.72,3.33,-0.76,-10.83,2,35.31,-244.52,1.4,1.72,-8.93,True
15.43,44.65,25.22,-6.2,3,3.21,1.77,4.24,-2.73,2,42.06,-260.52,-0.9,1.84,-8.52,True
10.99,30.65,25.22,-6.04,26,0.6,2.31,-0.48,-2.55,2,27.93,-232.52,-0.26,1.22,-8.08,True
11.15,26.65,29.22,-5.43,7,4.47,2.19,2.74,-6.48,2,38.22,-243.52,2.46,0.92,,False
6.2,79.65,31.22,-13.26,100,19.35,0.63,-12.14,12.66,20,14.07,-396.52,-8.62,19.7,-9.65,True
10.87,28.65,29.22,-6.18,50,1.32,1.74,0.04,-4.17,2,27.84,-233.52,-0.18,0.8,-8.58,True
13.41,14.65,25.22,-6.27,3,4.17,2.31,0.58,-6.45,2,26.88,-232.52,3.44,1.06,-9.04,True
7.4,124.65,51.22,-10.81,45,15.9,6.18,-8.26,7.44,20,17.94,-436.52,-7.92,15.1,,False
5.6,-30.35,51.22,-11.81,340,35.1,7.17,-10.08,11.43,20,13.95,-301.52,-6.78,15.7,,True
5.95,104.65,31.22,-11.06,100,40.35,-2.04,-7.68,10.8,20,15,-301.52,-9.2,16.6,-7.72,True
6.78,-15.35,51.22,-11.36,70,22.65,-1.08,-3.42,9.54,20,14.97,-351.52,-3.32,15.6,-7.11,False
9.65,94.65,31.22,-11.31,195,26.4,10.32,-5.62,-0.3,20,22.47,-336.52,-7.64,10.7,,False
8.07,54.65,51.22,-10.76,100,20.4,-0.3,-6.7,6.99,20,17.7,-421.52,-7.58,14.6,-5.56,False
5.1,69.65,51.22,-14.26,185,28.2,1.98,-9.24,12.66,20,15.93,-356.52,-11.04,13.5,,True
5.62,84.65,51.22,-11.16,65,18,0,-8.74,11.37,20,15.3,-271.52,-10.42,20.1,,True
8.56,104.65,51.22,-10.26,245,16.2,11.55,-3.12,6.51,20,18.06,-271.52,-7.12,11.1,,False
6.09,24.65,41.22,-13.81,390,38.85,1.29,-4.18,7.23,20,13.71,-421.52,-9.18,11.3,,False
7.54,19.65,71.22,-9.81,315,15.9,1.11,-6.22,3.87,20,21.81,-376.52,-4.34,14.6,-6.54,False
7.55,4.65,71.22,-10.91,120,26.55,1.83,-6.06,5.91,20,18.21,-366.52,-7.96,11.5,,False
6.18,74.65,31.22,-12.76,185,15.75,11.88,-8.62,11.01,20,15.18,-276.52,-12.02,18.6,-7.63,True
10.48,10.65,29.22,-6.24,18,1.26,0.27,4.88,-6.81,2,27.54,-244.52,1.36,1.06,-8.86,True
11.03,35.65,21.22,-6.13,9,3.39,6.15,1.12,-5.13,2,31.11,-258.52,-1.12,0.52,-6.42,False
10.84,14.65,29.22,-5.99,50,0.99,4.68,-1.56,-7.68,2,27.27,-229.52,1.94,1.96,,True
10.4,29.65,27.22,-5.81,30,5.73,14.61,-0.26,-4.11,2,28.71,-270.52,0.2,1.9,-7.94,False
8.01,-75.35,71.22,-12.46,165,16.2,-1.2,-8.6,9.78,20,15.96,-466.52,-8.84,16.6,,False
7.03,54.65,51.22,-11.06,80,16.65,1.41,-6.24,2.76,20,17.46,-451.52,-7.84,15.9,,False
6.02,104.65,31.22,-12.96,295,30,4.11,-9.86,2.85,20,14.28,-361.52,-8.2,10.6,,False
8.49,-40.35,51.22,-11.11,360,42.6,-3.42,-7.94,7.47,20,16.2,-431.52,-8.38,17.4,,False
10.65,40.65,25.22,-6.11,8,5.13,4.71,-1.36,-5.43,2,30.99,-251.52,-1.68,1.08,-8.63,True
10.75,18.65,29.22,-6.21,33,0.27,2.31,1.38,-3.36,2,29.13,-262.52,3.52,1.88,,True
5.94,14.65,51.22,-12.76,140,27.15,-2.73,-9.8,6.18,20,13.77,-266.52,-11.02,13.1,,True
7.99,-50.35,51.22,-11.46,180,40.5,-4.11,-6.94,6.69,20,17.82,-446.52,-7.74,14.4,-5.79,False
7.87,119.65,31.22,-11.81,110,41.4,0.9,-7.14,7.14,20,22.02,-441.52,-8.38,14.1,,False
10.68,48.65,25.22,-5.78,21,4.17,1.32,-0.22,-9.75,2,27.57,-236.52,0.84,1.46,-8.03,False
10.99,11.65,25.22,-5.79,30,5.07,3.45,-1.2,-5.37,2,32.7,-263.52,-1.52,1.9,,True
7.74,-15.35,51.22,-10.96,150,17.55,-1.65,-6.64,2.49,20,18.12,-346.52,-1.68,10.5,,False
10.49,45.65,25.22,-5.91,5,0.66,4.2,-1.6,-6.66,2,30.18,-247.52,-1.44,1.58,,True
10.61,13.65,29.22,-5.72,3,1.41,1.26,1.5,-4.41,2,30.63,-267.52,-0.36,1.2,,False
7.47,14.65,71.22,-10.61,25,27.9,-2.49,-7.28,5.67,20,20.91,-341.52,-7.72,11,,False
10.12,28.65,25.22,-6.12,18,5.28,0.96,7.54,-4.02,2,31.05,-238.52,-1.56,1.66,-9.27,True
5.74,119.65,51.22,-13.86,350,21.6,8.01,-11.68,11.16,20,11.79,-271.52,-9.3,12.8,-7.24,False
5.73,-50.35,71.22,-11.96,210,23.7,-3.42,-8.82,7.95,20,17.1,-441.52,-7.44,17.5,-9.27,True
8.02,-15.35,71.22,-10.81,95,19.35,-1.44,-5.48,1.95,20,20.01,-396.52,-5.54,10.5,-6.46,False
17.57,12.65,29.22,-5.93,64,3.72,3.36,0.3,-12.63,2,31.83,-238.52,4.18,0.12,,False
10.7,31.65,21.22,-6.02,14,4.44,3.09,-0.58,-3.15,2,41.7,-233.52,-0.3,1.32,-8.08,True
6.24,59.65,51.22,-11.71,330,34.8,0.6,-8.98,7.5,20,15.09,-441.52,-7.96,17.5,,False
10.4,28.65,25.22,-6,7,1.92,1.2,-1.6,-3.84,0,26.7,-226.52,-1.92,1.08,-8.38,True
6.16,104.65,31.22,-11.26,30,29.85,-2.04,-1.88,8.94,20,14.64,-286.52,-9.96,13.5,-6.91,False
8.39,49.65,31.22,-10.66,335,16.95,8.82,-5.26,5.07,20,17.97,-406.52,-6.84,15.2,,False
5.42,109.65,31.22,-12.96,250,18,9.66,-11.72,12.9,20,20.43,-386.52,-6.18,18.5,-6.2,False
6.52,114.65,51.22,-12.56,335,21.3,12.42,-6.2,7.5,20,16.05,-371.52,-10.54,15.1,-7.34,False
12.08,50.65,21.22,-6.07,7,3.54,1.32,-1.82,-7.08,2,39.75,-248.52,0.94,1.82,,True
11.08,26.65,29.22,-5.66,5,0.75,3.81,-0.74,-5.76,2,32.1,-252.52,2.74,1.6,-7.16,False
6.32,34.65,31.22,-11.81,235,25.05,4.11,-4.52,6.21,20,15.3,-286.52,-8.86,10.4,,False
10.7,40.65,25.22,-6.3,60,6.54,2.52,-0.78,-2.28,2,31.32,-252.52,-1.58,1.22,-8.27,True
6.22,49.65,31.22,-11.96,235,44.7,-0.03,-6.96,5.49,20,15.42,-406.52,-5.36,14,,False
8.12,14.65,51.22,-11.41,240,23.7,4.02,-8.34,8.64,20,17.19,-256.52,-3.94,10.6,-6.9,False
6.69,-15.35,71.22,-11.66,350,22.35,-0.33,-8,10.92,20,14.76,-291.52,-11.68,17.7,,True
10.22,31.65,21.22,-6.04,3,1.68,2.61,-0.14,-5.76,2,31.92,-234.52,0.7,1.04,-8.54,True
6.23,-30.35,71.22,-12.41,350,18.75,-1.32,-12.02,4.77,20,19.14,-351.52,-12.24,20.7,-7.63,True
10.62,24.65,25.22,-5.76,30,3.06,1.02,1.9,-9.15,2,27.9,-222.52,-1.88,2,-7.13,True
14.92,15.65,29.22,-6.13,37,5.97,2.58,1.28,-8.13,2,32.22,-232.52,1.82,1.68,-9.24,True
6.52,59.65,51.22,-13.71,110,25.95,0,-9.8,9.54,20,15.24,-421.52,-8,11.4,,True
12.54,34.65,21.22,-6,1,4.8,1.02,-1.2,-3.03,2,28.98,-246.52,-1.8,1.72,-8.97,True
6.17,29.65,31.22,-12.61,385,44.7,4.02,-3.44,11.64,20,15.87,-431.52,-10.98,17,-7.1,False
10.9,10.65,25.22,-6.25,48,0.78,1.53,-1.62,-5.31,2,32.58,-247.52,10.9,1.4,-9.2,True
6.64,14.65,71.22,-12.46,250,23.7,-0.48,-4.4,11.82,10,15.33,-336.52,-8.98,10.4,,True
5.56,14.65,51.22,-14.56,170,20.4,-2.16,-12.34,8.94,20,17.25,-241.52,-9.74,12,-9.1,True
10.24,49.65,25.22,-5.61,20,4.26,8.58,-1.24,-9.09,2,29.1,-230.52,2.36,1.82,-6.86,False
7.78,124.65,31.22,-12.26,80,40.8,-0.39,-10.82,9.9,20,32.67,-251.52,-7.8,13.6,,True
10.74,9.65,29.22,-5.64,4,3.39,1.05,-0.48,-15.72,2,33.72,-232.52,-0.26,1.2,-8.13,True
4.97,34.65,51.22,-14.01,350,25.65,6.9,-12.52,13.71,20,15.15,-326.52,-7.12,18,-8.55,True
5.31,119.65,51.22,-12.51,100,21.3,1.17,-8.72,12.3,20,14.34,-351.52,-11.08,17,,True
5.43,94.65,51.22,-11.26,325,18.75,9.75,-2.8,12.33,20,17.85,-241.52,-11.34,19.7,,False
5.74,124.65,51.22,-11.16,165,17.85,4.08,-10.28,11.37,20,27.72,-246.52,-8.14,15.4,,False
8.01,49.65,51.22,-10.71,120,25.5,-0.81,-2.74,1.08,20,22.23,-386.52,-5.02,11,,False
10.02,-20.35,51.22,-10.81,60,40.05,-2.13,-3.68,4.8,20,21.54,-391.52,-6.68,10.9,,False
14.54,18.65,25.22,-5.56,17,4.38,5.49,-0.26,-13.98,2,34.35,-266.52,0.62,0.72,,False
10.99,16.65,25.22,-5.85,21,4.05,1.65,5.3,-15.84,2,27.63,-241.52,0.26,1.88,,True
5.27,14.65,51.22,-12.46,245,22.2,-0.54,-11.1,9.51,20,14.01,-301.52,-9.68,15,-7.46,True
6.32,99.65,51.22,-12.51,50,18.75,-1.47,-8.6,5.31,20,21.57,-441.52,-5.68,12.3,-6.37,False
8.13,29.65,51.22,-11.16,275,22.65,4.92,-6.04,5.28,20,19.14,-391.52,-6.6,10.2,-6.44,False
10.71,10.65,29.22,-5.55,21,2.55,0.6,6.32,-5.76,2,31.41,-240.52,-1.16,1.26,,False
7.04,4.65,71.22,-11.01,205,18.6,7.44,-6.18,7.38,20,18.03,-446.52,-9.52,17.6,-7.16,False
11.06,43.65,25.22,-6.01,28,2.52,2.31,0.4,-12.51,2,32.25,-242.52,2.46,1.16,-8.91,True
7.41,-25.35,51.22,-10.56,30,29.4,-0.81,-9.14,6.93,20,34.86,-246.52,-8.84,13.7,,False
6.97,-50.35,51.22,-12.41,365,23.4,6.6,-7.34,3.48,20,18.21,-406.52,-9.1,10.7,-5.63,False
5.62,64.65,51.22,-14.11,15,16.5,-2.58,-9.46,8.04,20,14.55,-436.52,-10.12,11.9,,True
9.36,-45.35,71.22,-10.56,145,34.8,-2.25,-2.5,2.73,20,20.4,-431.52,-2.2,11.5,,False
6.14,-40.35,71.22,-12.06,205,20.1,7.08,-10.38,10.65,20,20.88,-306.52,-9.62,12.2,-8.13,True
12.61,10.65,29.22,-5.57,7,2.88,2.22,0.4,-2.94,0,33.36,-236.52,-0.3,1.56,-8.65,True
7.25,-45.35,71.22,-11.06,110,26.4,-1.56,-6.64,1.23,20,19.56,-436.52,-7.26,12.4,,False
10.24,47.65,25.22,-5.87,17,4.89,4.74,0.48,-3.09,2,29.28,-245.52,-1.14,1.42,,False
10.34,18.65,29.22,-5.95,27,0.6,6.87,5.76,-6.09,2,43.32,-257.52,-0.56,1.76,-8,False
11.33,16.65,29.22,-5.59,7,1.89,1.02,0.06,-6.36,2,30.06,-257.52,-0.3,2.14,-6.95,True
10.28,49.65,21.22,-5.94,1,4.65,7.35,-1.26,-5.85,2,27.3,-258.52,-0.68,1.98,,True
11.91,26.65,29.22,-6.08,60,5.55,0.6,-0.1,-2.46,2,35.16,-234.52,2.28,1.04,,True
6.95,114.65,31.22,-10.51,130,16.05,4.95,-4.9,4.5,20,19.8,-291.52,-4.46,12,-6.6,False
11.31,19.65,29.22,-6.24,66,3.15,1.59,-0.96,-2.43,2,39.27,-234.52,-1.82,0.58,-7.73,True
5.69,14.65,51.22,-12.01,250,38.25,8.04,-7.64,6.54,20,19.17,-371.52,-9.02,15.7,,True
5.57,64.65,51.22,-13.41,150,31.5,-2.76,-4.42,10.41,20,19.89,-271.52,-11.46,10.2,,True
10.93,21.65,29.22,-5.95,61,5.04,1.65,1.54,-8.22,2,28.53,-255.52,4.2,0.96,-7.96,False
14.66,26.65,25.22,-5.88,25,2.55,2.61,0.04,-3.45,2,28.95,-246.52,3.3,1,,False
6.27,99.65,31.22,-13.56,75,25.5,-0.12,-9.66,10.38,20,16.92,-411.52,-9.86,11.9,,False
10.22,23.65,29.22,-6.25,34,0.75,5.01,-0.7,-5.85,2,29.46,-226.52,0.78,0.02,,True
5.12,49.65,31.22,-14.16,230,27.45,1.56,-9.28,7.62,20,15.06,-346.52,-11.8,15.5,-8.59,True
7.58,-25.35,71.22,-11.86,225,26.7,-2.04,-10.1,10.95,20,21.03,-441.52,-10.76,18.8,,True
14.94,19.65,29.22,-5.43,38,6.21,0.66,1,-4.38,2,30.3,-248.52,3.34,1.72,-7.66,False
13.38,11.65,25.22,-6.09,36,5.61,2.34,-0.88,-3.81,2,34.86,-237.52,0.84,0.04,,True
10.94,10.65,29.22,-5.75,18,1.38,10.41,-1,-6.78,2,31.32,-268.52,-1.08,1.58,-8.12,False
10.92,17.65,25.22,-5.7,20,5.85,2.76,-1.42,-3.03,2,28.89,-238.52,1.2,1.88,-9.22,True
6.74,29.65,31.22,-10.81,355,19.8,8.13,-10.22,9.81,20,17.22,-351.52,-4.78,17.7,-8.1,False
5.44,89.65,31.22,-10.46,270,17.85,6.87,-11,12.03,20,19.11,-256.52,-9.64,20.6,-6.84,False
4.95,-60.35,71.22,-14.21,365,19.2,1.89,-11.52,11.85,20,20.97,-391.52,-11.46,16.1,,True
4.76,99.65,51.22,-14.46,390,15.15,3.03,-11.92,12.81,20,12.27,-406.52,-11.28,19.1,-6.31,False
6.15,84.65,51.22,-13.56,210,36,11.01,-10.54,11.25,20,17.19,-296.52,-9.84,11.9,-8.69,True
10.55,21.65,25.22,-5.62,10,4.14,1.5,0.12,-6.87,2,31.08,-239.52,-0.14,1.02,,False
5.69,54.65,31.22,-14.41,330,38.55,3.3,-11.38,12.24,20,12,-426.52,-12.1,14.9,-7.63,True
10.14,17.65,25.22,-5.97,3,0.24,2.1,-0.92,-4.77,0,28.62,-265.52,-1.28,1.8,,True
11.08,9.65,29.22,-6.27,5,2.52,1.53,2.62,-2.73,2,27.99,-262.52,-1.7,0.56,-8.32,True
10.25,25.65,25.22,-6.18,29,1.65,5.01,4.46,-5.64,2,28.2,-250.52,-0.94,0.38,-7.35,False
7.89,59.65,51.22,-11.71,220,17.4,3.21,-6.96,4.83,20,20.94,-421.52,-5.66,11.5,-6.91,False
8.57,9.65,71.22,-11.71,375,25.95,1.77,-3.46,5.58,20,21.81,-466.52,-7.68,11.4,,False
7.19,59.65,31.22,-12.26,340,24,5.52,-3.08,8.4,20,15.57,-406.52,-9.46,12.5,-5.8,False
8.72,99.65,31.22,-13.36,25,31.2,0.45,-10.28,4.41,20,14.85,-441.52,-1.4,13.1,,True
6.52,-10.35,51.22,-11.91,135,27.6,0.12,-6.84,6.69,20,30.84,-351.52,-9.06,10.7,,False
12.04,18.65,25.22,-6.13,5,0.12,3.03,-1.32,-2.91,2,28.23,-235.52,-0.3,0.7,-7.14,True
11.13,14.65,29.22,-5.76,28,5.49,-0.3,-1.44,-3.36,2,33.33,-230.52,5.7,1.64,,True
11.94,38.65,25.22,-6.07,58,3.96,6.9,0.52,-2.64,2,30.36,-232.52,0.78,1.62,,True
6.26,-65.35,71.22,-12.61,145,15.6,-0.81,-9.56,0.36,20,18.57,-441.52,-9.4,13.7,,False
10.39,12.65,25.22,-5.75,37,4.95,1.89,-1.12,-6.93,2,27.84,-235.52,0.78,1.68,-8.99,True
13.78,44.65,21.22,-5.43,3,6.39,3.78,0.62,-3.84,2,29.88,-226.52,6.36,1.82,-6.9,False
10.53,19.65,29.22,-6.01,5,4.98,1.68,4.72,-4.47,2,33.81,-247.52,2.88,0.64,,True
10.43,25.65,25.22,-5.77,19,4.23,9.66,0.6,-3.96,2,29.7,-240.52,-1.18,2.04,,True
7.56,79.65,31.22,-12.71,115,19.05,8.46,-11.42,10.02,20,13.71,-231.52,-10.98,13.1,,True
12.57,14.65,25.22,-5.53,3,3.78,3.51,3.56,-5.52,2,32.46,-237.52,0.66,0.04,-6.86,False
6.5,99.65,31.22,-12.21,350,19.5,7.29,-9.16,6.18,20,16.41,-286.52,-10.66,12.1,-7.08,False
12.45,-0.35,51.22,-10.81,95,31.35,0.39,-7.78,0.81,20,23.25,-266.52,-6.1,10.7,-6.23,False
8.67,39.65,21.22,-11.76,5,43.8,-2.85,-5.18,6.06,20,21.09,-356.52,-9.18,11.3,-6.98,False
8.22,104.65,31.22,-13.71,345,26.55,3.18,-10.8,10.77,20,13.59,-371.52,-11.72,15.2,-7.57,False
10.34,13.65,29.22,-6.23,3,4.05,-0.27,1.04,-4.77,2,29.28,-258.52,3.6,1.74,,True
11.33,13.65,25.22,-5.47,13,4.47,2.67,-0.7,-5.91,2,30.75,-261.52,0.66,0.9,,False
10.82,14.65,25.22,-6.23,8,4.89,0.81,1.86,-11.31,2,27.84,-259.52,-1.46,0.62,,True
11.77,22.65,29.22,-5.65,46,5.7,1.71,-0.9,-7.68,2,28.14,-243.52,5.82,1.94,-8.41,False
11.33,114.65,31.22,-11.71,45,22.05,0.6,-1.36,9.51,20,14.85,-396.52,-10.3,15.6,-6.05,False
10.78,48.65,25.22,-5.69,2,3.78,0.81,1.4,-9.27,2,30.72,-236.52,0.38,1.24,,False
11,40.65,25.22,-5.74,6,3.6,7.38,1.16,-15.78,2,35.07,-266.52,3.24,1.36,-7.47,False
5.44,99.65,31.22,-11.36,100,37.5,-1.71,-10.78,7.41,20,16.41,-241.52,-8.6,15.6,,True
8.5,84.65,31.22,-14.11,200,40.8,-0.69,-4.56,10.23,20,20.22,-441.52,-10.26,12.2,,True
6.12,109.65,31.22,-11.36,120,23.85,1.77,-9.66,8.73,20,17.43,-316.52,-4.74,14,-6.88,False
12.25,13.65,25.22,-5.8,16,4.11,0.42,-0.84,-3.6,2,28.98,-267.52,-0.02,1.9,-8.45,True
11.75,22.65,25.22,-5.6,4,5.37,2.73,-0.32,-5.1,2,29.61,-268.52,-0.22,0.92,-6.45,False
6.1,-50.35,51.22,-11.31,55,21.3,-3.99,-9.36,11.52,20,16.17,-276.52,-10.22,16.6,-6.42,False
10.25,30.65,21.22,-5.74,10,5.31,4.65,3.64,-6.45,2,27.87,-239.52,-1.58,2.04,-8.34,True
5.58,99.65,31.22,-12.46,190,28.5,1.38,-11.22,7.92,20,15.21,-371.52,-4.5,17.8,-7.82,False
7.36,64.65,31.22,-9.76,15,15.6,5.82,-4.32,8.07,20,16.2,-326.52,-7.9,18.2,-6.24,False
11.27,36.65,21.22,-6.13,30,6,1.56,-1.24,-2.85,2,36.78,-242.52,1.92,1.24,,True
11.16,17.65,29.22,-6.05,66,3.93,2.67,6.34,-4.56,2,28.83,-243.52,2.66,1.32,,True
7.14,109.65,31.22,-11.61,275,41.85,1.38,-3.92,3.51,20,15.54,-261.52,-8.18,10.7,-5.92,False
5.48,104.65,51.22,-11.56,210,38.7,-1.86,-8.8,11.25,20,13.14,-301.52,-6.68,17.7,-9.38,True
7.13,89.65,51.22,-11.36,240,28.5,1.02,-7.5,9.3,20,19.2,-276.52,-9.9,13.4,-6.16,False
15.28,33.65,21.22,-5.93,4,5.52,3.63,-0.76,-3.6,2,32.37,-269.52,2.7,1.12,,False
7.32,114.65,51.22,-11.91,330,38.25,2.01,-8.96,-11.97,20,20.19,-426.52,-3.76,12.6,-6.96,False
10.82,18.65,29.22,-5.81,27,4.53,5.67,-1.06,-3.84,2,28.11,-251.52,-1.3,0.5,-7.18,False
10.9,9.65,29.22,-5.93,16,1.14,0.99,0.2,-6.12,0,30.45,-254.52,0.8,0.2,,True
6.07,54.65,51.22,-12.96,300,21.15,3.24,-9.72,5.28,20,19.11,-441.52,-10.66,14.5,-6.24,False
6.88,-35.35,71.22,-10.51,140,15.9,8.61,-8.5,1.14,20,16.44,-251.52,-9.96,15.4,,True
10.98,15.65,29.22,-5.38,23,5.16,2.91,-0.24,-9.93,2,28.35,-250.52,1.24,1.66,,True
6.82,44.65,51.22,-11.66,85,44.25,-3.33,-4.12,3.09,20,19.29,-346.52,-6.82,10.2,,False
11.43,22.65,25.22,-6.17,56,4.68,1.89,1.58,-5.04,2,36.48,-239.52,-1.38,0.3,-7.4,False
10.84,14.65,29.22,-6.05,20,2.7,0.33,-0.74,-10.41,2,28.17,-233.52,1.26,0.66,-9.54,True
6.61,104.65,51.22,-12.86,125,19.35,10.29,-11.42,11.31,20,13.38,-241.52,-11.86,13.8,-8.88,True
10.84,32.65,25.22,-6.09,22,2.64,1.38,-1.36,-2.76,2,29.49,-243.52,-0.06,1.7,,True
10.75,26.65,29.22,-6.02,46,3.33,10.17,-1.34,-15.87,2,27.99,-269.52,0.14,1.22,,False
10.86,19.65,25.22,-6.32,50,0.93,11.73,0.44,-6.27,2,42.3,-258.52,-1.62,1.46,,True
12.33,41.65,25.22,-5.8,63,4.02,4.5,1.62,-5.73,2,29.28,-233.52,-0.96,2,-8.46,True
10.57,25.65,25.22,-5.56,2,5.31,1.8,-0.18,-5.04,2,30.9,-236.52,-0.78,0.72,-7.67,False
6.28,-10.35,51.22,-10.96,110,20.85,-1.68,-10.88,7.53,20,13.8,-301.52,-11.36,19.2,-9.51,True
11.93,26.65,29.22,-5.7,3,6.15,8.22,4.36,-4.35,2,29.01,-230.52,1.62,0.16,,True
10.41,19.65,29.22,-5.93,8,6.21,1.86,-1.22,-4.38,2,36.15,-237.52,4.08,1.72,,True
10.6,28.65,29.22,-5.92,11,0.09,6,-1.3,-9.18,2,29.97,-242.52,12.96,0.4,,False
11.28,29.65,27.22,-5.48,11,3.27,9.54,1.12,-3.78,2,34.05,-243.52,3.34,1.8,-7.18,False
6.6,104.65,31.22,-11.46,330,33.3,5.46,-9.78,4.5,20,16.71,-451.52,-8.96,18.9,-6.24,False
11.16,44.65,21.22,-5.51,1,5.46,4.08,-1.28,-8.46,2,36.69,-249.52,0.72,1.94,-7.06,False
11.27,24.65,25.22,-5.42,11,2.22,13.77,-1.34,-3.81,2,27.75,-230.52,1.2,1.98,-7.66,False
7.12,59.65,31.22,-11.11,205,39,1.71,-10.6,9.42,20,15.45,-376.52,-9.4,19,,True
10.16,14.65,29.22,-5.88,30,4.71,5.91,1.44,-6.81,2,35.31,-239.52,-1.8,1.58,-8.66,True
7.96,99.65,51.22,-11.26,75,25.05,-0.21,-9.38,7.95,20,17.61,-451.52,-9.54,17.1,-6.21,False
5.37,39.65,31.22,-13.21,305,18.75,6.18,-10.08,12.27,20,13.71,-286.52,-11.38,18.4,-7.92,True
5.66,109.65,31.22,-13.66,130,15.3,2.25,-10.12,4.89,20,10.5,-221.52,-10.06,18.5,-9.37,True
8.13,114.65,51.22,-10.41,270,25.65,3.39,-5.66,1.41,20,21.51,-466.52,-5.94,13,,False
10.55,27.65,25.22,-6.12,25,0.66,3.51,2.42,-4.14,2,32.01,-228.52,-2.22,1.84,-8.7,True
5.92,84.65,51.22,-11.81,15,18.45,-2.49,-10.5,11.22,20,16.2,-416.52,-11.38,20,-8.43,True
11.39,29.65,23.22,-5.8,10,3.42,2.85,2.88,-10.23,2,28.92,-256.52,-1.44,1.66,,False
11.53,28.65,25.22,-5.47,9,4.44,2.88,3.32,-6.15,2,29.25,-234.52,-0.68,1.22,,False
12.01,18.65,29.22,-5.81,12,1.71,11.04,0.28,-5.37,2,29.25,-265.52,-1.02,0.8,-7.04,False
6.39,99.65,51.22,-13.51,190,33.6,0.93,-9.3,7.65,20,14.25,-356.52,-11.2,11.4,,True
5.7,59.65,51.22,-13.91,310,34.8,1.29,-9.54,8.52,20,14.73,-306.52,-8.52,12.9,-8.84,True
6.22,124.65,31.22,-10.31,175,35.85,1.26,-3.06,9.45,20,30.99,-251.52,-6.24,14.1,,False
10.88,37.65,21.22,-6.16,22,2.91,12.93,-0.52,-4.8,2,31.38,-263.52,-1.28,0.74,,True
5.51,79.65,51.22,-11.56,150,25.95,1.71,-9.2,11.79,20,19.11,-336.52,-11.18,18,,True
11.57,12.65,25.22,-5.62,9,4.77,5.22,-0.5,-7.89,2,29.34,-256.52,2,1.88,-8.88,True
10.22,13.65,29.22,-6.15,74,4.11,1.08,-1.04,-13.59,2,32.22,-244.52,-0.56,0.4,,False
6.35,4.65,51.22,-12.11,275,19.5,0,-8.16,7.56,20,22.26,-361.52,-8.4,10.6,,False
11.94,24.65,25.22,-6.27,16,1.86,4.29,-0.06,-4.47,2,29.16,-269.52,0.76,1.2,-8.57,False
8.94,64.65,31.22,-10.71,40,44.55,-2.58,-2.48,-1.59,20,25.11,-431.52,-4.88,13,-7.91,False
10.53,28.65,25.22,-5.85,6,3.84,4.02,-0.38,-3.3,2,29.97,-255.52,7.2,1.36,,False
7.45,84.65,31.22,-11.31,170,38.4,-0.87,-4.08,8.58,20,22.05,-361.52,-7.04,14.3,-6.64,False
10.73,19.65,25.22,-5.34,1,4.08,5.34,1.64,-6.78,2,31.23,-265.52,1.66,0.8,,False
5,59.65,31.22,-15.06,330,45.75,5.49,-10.5,10.89,20,23.37,-391.52,-12.1,12.4,,True
8.03,-65.35,51.22,-10.01,185,39.45,-3.9,-7.4,3.3,20,20.34,-346.52,-7.7,14.8,-6.62,False
10.04,34.65,31.22,-10.26,290,25.95,6.87,-6.88,6.54,20,24.03,-341.52,-4.38,13.3,,False
8.11,-5.35,51.22,-12.06,75,27,-2.82,-7.06,9.21,20,19.23,-386.52,-7.7,14.7,,False
7.7,34.65,51.22,-11.26,95,17.4,-2.4,-7.04,-1.08,20,15.33,-296.52,-9.68,17.9,-9.35,True
7.55,-35.35,51.22,-11.46,235,17.85,0.33,-9.2,6.69,20,15.33,-386.52,-10.8,19.8,-8.32,True
7.58,89.65,31.22,-11.71,40,38.4,-3.21,-6.66,8.16,20,17.31,-381.52,-7.48,11.4,,False
11.42,12.65,29.22,-6.11,76,3.3,1.02,1.5,-4.83,2,31.05,-259.52,-1.62,1.8,-8.36,True
5.59,9.65,51.22,-12.81,85,16.95,10.08,-5.02,11.52,20,26.55,-281.52,-8.16,12.8,-8.78,True
12.73,30.65,25.22,-5.95,43,2.61,4.86,-1.12,-4.11,2,29.1,-258.52,3.16,1.34,-8.87,False
6.67,119.65,51.22,-11.91,100,40.95,-0.66,-9.24,8.85,20,18.18,-416.52,-6.34,13.2,-7.1,False
12.13,35.65,25.22,-6.01,26,5.34,1.2,0.14,-6,2,34.11,-266.52,2.72,0.68,,False
6.06,19.65,51.22,-11.56,20,15.15,3.33,-9.14,8.37,20,17.28,-431.52,-7.86,17.2,,True
10.76,45.65,25.22,-5.74,3,5.31,2.61,-0.22,-4.89,2,33.09,-240.52,1.06,1.52,,False
10.29,48.65,25.22,-5.92,2,2.7,2.76,1.24,-8.46,2,32.22,-245.52,5.74,0.82,-7.04,False
8.34,104.65,51.22,-10.56,340,42.15,3.3,-6.1,-2.49,20,25.14,-381.52,-4.32,10.1,-4.94,False
7.46,129.65,51.22,-11.31,10,29.1,4.89,-7.84,3.39,20,19.77,-421.52,-7.5,11.7,,False
5.45,-30.35,51.22,-12.66,50,17.25,-3.27,-9.64,7.98,20,13.38,-306.52,-0.86,12.8,-8.47,True
10.39,15.65,25.22,-6.25,41,2.52,2.88,-1.56,-21.24,2,28.68,-237.52,-0.12,0.88,-8.23,True
12.71,14.65,29.22,-5.89,15,5.85,4.5,-0.38,-5.4,2,31.2,-235.52,0.16,0.12,-8.62,True
10.57,37.65,25.22,-5.79,10,2.73,3.99,-0.54,-5.37,2,27.63,-246.52,3.96,1.4,,False
13.38,37.65,25.22,-6.27,49,3.33,7.71,-1.38,-11.34,2,30.42,-260.52,1.02,1.84,,True
11.27,24.65,25.22,-6.17,5,0.6,1.17,0.16,-10.5,2,32.4,-247.52,-1.44,0.24,-7.33,False
11.94,37.65,21.22,-6.21,13,3.21,2.97,-1.4,-5.34,2,28.41,-249.52,-1.36,0.34,,False
6.05,79.65,51.22,-13.91,360,39.3,5.97,-10.68,12.3,20,12.72,-426.52,-9.66,14.2,,True
5.01,119.65,31.22,-13.46,340,28.5,6.36,-12.42,12.9,20,12.45,-301.52,-7.96,17.7,-6.65,False
5.81,104.65,51.22,-12.41,275,15,4.08,-6.44,6.54,20,15.36,-371.52,-8.9,14.3,-6.33,False
5.74,-20.35,71.22,-11.61,335,23.25,-1.05,-7.2,7.83,20,16.53,-366.52,-10.36,17.7,-9.65,True
12.62,42.65,25.22,-6.13,6,2.67,2.97,5.18,-8.7,2,27.48,-227.52,-1.52,1.32,,True
5.04,-35.35,51.22,-14.06,370,25.95,3.57,-12.08,12.63,20,13.08,-231.52,-11.82,11.2,-7.86,True
6.41,69.65,51.22,-12.86,230,17.7,2.58,-9.8,9.93,20,14.7,-371.52,-9.92,13.1,-5.98,False
11.13,26.65,29.22,-5.92,53,5.76,2.01,-1.24,-5.82,2,27.99,-276.52,-0.8,1,,False
6.37,94.65,31.22,-10.96,265,16.05,2.73,-6.34,-10.56,20,21.03,-441.52,-7.64,18.4,,False
11.85,43.65,25.22,-5.95,34,2.97,1.95,0.44,-4.35,2,41.01,-241.52,12.58,1.32,-9.77,True
7.06,114.65,31.22,-12.96,180,34.35,1.86,-8.52,5.22,20,14.01,-316.52,-11.5,12.9,,True
16.99,47.65,25.22,-6.2,5,2.88,1.05,0.9,-4.38,2,28.83,-260.52,-1.22,0.46,,False
5.5,99.65,51.22,-14.06,220,37.8,2.31,-11.06,11.76,20,18.3,-416.52,-5.38,12.9,,True
6.7,39.65,51.22,-12.21,340,15.75,3.45,-7.72,8.88,20,20.34,-376.52,-7.88,10.3,,False
11.9,22.65,29.22,-6.07,41,3.93,2.19,-0.98,-9.6,2,27.27,-249.52,0.44,1.86,,True
15.6,17.65,25.22,-5.93,13,5.25,6.21,0.1,-3.39,2,30.57,-232.52,5.42,1.76,,True
6.59,99.65,31.22,-12.16,120,23.4,1.32,-4.82,8.76,20,16.08,-266.52,-4.32,10.6,,False
10.44,18.65,29.22,-5.91,13,3.45,2.73,-0.04,-6.09,2,35.19,-268.52,-1.62,1.86,-7.93,True
7.09,59.65,31.22,-11.36,355,37.5,1.35,-11.66,6.12,20,13.65,-251.52,-11.4,18.9,,False
10.63,43.65,25.22,-6.04,52,2.52,6.24,-1.48,-15.69,2,30.99,-232.52,0.78,1.82,,True
7.37,-0.35,71.22,-10.61,70,20.25,4.89,-7.74,5.22,20,19.02,-331.52,-5.48,12.7,-6.79,False
10.79,22.65,29.22,-6.27,7,1.29,2.91,0.54,-4.11,2,31.59,-234.52,-0.84,0.96,,True
7.42,-25.35,51.22,-11.36,300,42.6,-3.66,-7.48,2.7,20,20.52,-386.52,-8.18,11,-5.67,False
5.54,39.65,31.22,-14.41,230,22.2,2.91,-10.04,3.12,20,16.29,-336.52,-10.56,11.1,-7.8,True
11,17.65,29.22,-5.79,28,5.49,0.36,3.36,-6.15,2,31.02,-235.52,0.68,1.16,,True
7,9.65,71.22,-10.46,270,15.15,-1.08,-7.8,2.52,20,25.53,-316.52,1.12,12.3,,False
7.66,44.65,51.22,-10.61,370,21.45,3.72,-8.24,6.96,20,16.59,-416.52,-8.42,18.2,,False
6.66,14.65,71.22,-14.41,260,28.5,-2.1,-10.62,11.97,20,13.41,-396.52,-10.56,11.5,-9.11,True
5.91,39.65,51.22,-13.31,110,18.9,-0.15,-10.22,11.61,20,13.41,-366.52,-10.44,13.3,-8.89,True
5.96,109.65,51.22,-11.71,120,22.8,10.47,-1.42,8.85,20,16.56,-396.52,-10.3,16.4,-6.16,False
10.97,17.65,29.22,-5.94,62,3.78,1.71,0.62,-6.69,2,28.41,-256.52,-0.68,1.08,,False
5.77,69.65,31.22,-13.01,305,21.45,2.67,-9.12,12.21,20,18.39,-456.52,-9.04,18,,False
10.81,43.65,19.22,-6.35,0,5.13,1.71,-0.54,-17.49,2,27.69,-268.52,-1.22,0.6,-7.39,False
6.74,64.65,31.22,-11.26,110,24.15,0.36,-5.38,2.82,20,15.87,-346.52,-9.22,14.6,-6.75,False
10.47,38.65,25.22,-5.43,6,4.44,1.32,0.06,-5.34,2,32.31,-245.52,1.78,1.14,-6.49,False
7.12,-10.35,51.22,-11.01,185,31.05,-3.69,-6.48,5.25,20,14.31,-226.52,-10.16,13.6,,True
9.84,-70.35,51.22,-10.66,170,23.25,-0.33,-5.04,3.84,20,37.32,-381.52,-5.32,10.1,,False
11.47,26.65,29.22,-5.82,30,1.62,4.65,-1.76,-2.43,2,29.43,-230.52,-0.42,1.82,,True
4.93,89.65,31.22,-14.96,330,18,7.65,-10.88,10.77,20,15.27,-261.52,-12.18,14,,False
5.33,69.65,31.22,-11.86,140,16.8,1.98,-6.2,11.49,20,18.36,-296.52,-11.18,19.3,-9.18,True
7.07,9.65,51.22,-12.76,225,42.45,0.6,-7.46,6.36,20,19.23,-371.52,-9.12,13.1,-7.54,True
7.52,74.65,31.22,-10.86,105,16.2,1.83,-3.18,4.35,20,19.14,-416.52,-4.38,13,,False
6.55,34.65,51.22,-11.16,140,24,8.82,-10.36,10.89,20,15.66,-256.52,-0.68,15,,True
9.98,42.65,21.22,-6.31,3,4.62,2.82,-0.66,-4.14,2,27.96,-235.52,0.42,1.92,,True
10.29,17.65,29.22,-6.13,3,2.37,1.74,5.88,-5.82,2,28.83,-248.52,-1.02,0.34,,True
6.1,-25.35,51.22,-14.51,265,19.95,0.54,-8.88,8.04,20,14.13,-456.52,-11.16,11.1,,True
13.29,24.65,25.22,-5.74,71,4.8,2.4,4.92,-3.57,2,28.2,-247.52,1.58,1.62,-7.53,False
7.72,39.65,51.22,-13.06,330,33.9,1.26,-7.44,9.6,20,13.41,-441.52,-4.84,15,,False
5.85,39.65,31.22,-11.36,260,42.9,0.66,-7.16,-2.4,20,16.59,-291.52,-6.74,14.1,,False
6.04,24.65,41.22,-12.06,185,38.7,0.96,-1.58,9.06,20,22.44,-346.52,-11.22,16,,True
7.83,89.65,51.22,-10.51,310,30.6,2.04,-4.84,5.97,20,20.31,-416.52,-6.82,14.1,-6.72,False
7.11,-40.35,51.22,-12.66,365,27.6,-0.48,-4,8.31,20,18.06,-376.52,-9.2,15.4,-7.06,True
11,23.65,25.22,-5.87,15,2.79,1.71,2.5,-3.03,2,27.75,-236.52,-1.02,0.36,-7.12,False
11.58,19.65,29.22,-6.34,22,2.52,0.12,-1.44,-1.98,2,30.48,-237.52,2.1,1.08,,True
6.25,79.65,31.22,-11.66,70,21.6,3.96,-9.4,6.57,20,16.05,-281.52,-10.42,13.6,,False
10.48,34.65,23.22,-5.81,0,3.69,2.01,-0.06,-6.45,2,30.12,-243.52,0.32,0.82,,False
12.44,29.65,27.22,-6.1,28,4.53,2.31,-0.9,-5.61,2,34.89,-268.52,-1.74,1.86,,True
10.34,32.65,21.22,-5.95,22,3.15,4.62,0.22,-11.43,2,27.69,-260.52,1.54,1.86,-8.21,True
13.16,11.65,25.22,-5.87,7,0.99,0.93,4.5,-3.69,2,28.38,-229.52,0.64,1.66,-8.45,True
6.26,44.65,51.22,-10.41,140,15.9,4.86,-6.08,8.7,20,15,-331.52,-9.72,17.2,-5.86,False
12.51,46.65,25.22,-6.23,34,2.43,3.15,-0.84,-3.51,2,31.35,-249.52,6.98,1.56,,True
12.31,16.65,29.22,-5.75,28,2.76,1.44,0.9,-21.51,2,28.11,-241.52,0.28,1.34,,False
11.23,33.65,25.22,-6.15,20,4.62,2.82,3.4,-10.2,2,29.16,-253.52,-1.12,0.4,,False
8.86,49.65,51.22,-12.96,360,18.75,2.76,-8.78,2.04,20,22.05,-456.52,-8.26,10.9,,False
12.56,51.65,25.22,-6.19,9,4.44,4.74,2.78,-5.31,2,27.99,-248.52,0.38,1.84,,True
10.22,39.65,21.22,-6.33,61,3.93,5.34,0.54,-1.92,2,30.48,-237.52,0.2,1.36,-6.64,True
10.21,48.65,21.22,-6.07,2,2.31,2.04,2.88,-5.37,2,29.73,-239.52,2.02,0.8,,True
10.34,11.65,25.22,-5.93,25,5.4,6.72,0.48,-4.92,2,29.04,-266.52,-1.38,1.2,,True
7.64,59.65,31.22,-11.36,85,38.4,3.87,-9.54,9.42,20,24.69,-246.52,-4.6,10.1,-6.56,False
6.61,89.65,51.22,-11.06,265,35.4,0.99,-6.06,5.04,20,20.43,-251.52,-8.16,12.6,-7.21,False
6.3,34.65,31.22,-11.66,165,33.9,5.13,-6.58,4.77,20,15.66,-296.52,-10.58,13.7,,True
13.13,40.65,25.22,-5.99,23,4.02,4.83,-0.32,-15.9,2,36.39,-273.52,4.1,0.02,,False
7.19,114.65,31.22,-10.31,190,33.15,3.48,-9.06,6.87,20,24.66,-336.52,-7.44,16.6,-5.17,False
10.78,35.65,25.22,-5.76,18,5.91,0.51,-1.28,-7.83,2,28.92,-244.52,-1.52,1.16,,False
5.96,119.65,31.22,-10.96,120,15.6,4.77,-9.32,9.81,20,14.97,-266.52,-8.66,14,-5.85,False
10.67,10.65,29.22,-6.11,57,5.58,2.4,0.76,-3.3,2,29.1,-269.52,-1.3,0.24,-7.48,False
5.52,14.65,51.22,-11.31,320,27.9,0.27,-0.56,8.73,20,17.34,-286.52,-10.42,16.7,,False
5.45,89.65,51.22,-10.91,365,29.55,4.83,-10.2,11.7,20,16.26,-286.52,-7.46,18.5,-7.77,False
10.57,30.65,25.22,-5.96,10,4.8,3.99,-0.18,-3.63,2,28.26,-266.52,1.68,1.34,-8.57,False
10.76,48.65,25.22,-6.18,66,4.65,2.04,0.6,-12.78,2,27.66,-257.52,-1.06,0.88,,True
10.82,33.65,25.22,-5.71,25,5.1,4.53,-1.28,-2.88,2,30.9,-264.52,1.22,2.12,,False
8.28,79.65,31.22,-10.66,280,44.25,-0.75,-8.08,4.68,20,17.31,-311.52,-8.76,14.6,-7.4,False
5.74,119.65,31.22,-10.76,225,18.6,5.16,-6.36,4.2,20,18.51,-266.52,-10.12,17.2,-6.75,False
12.55,11.65,25.22,-6.25,25,4.95,0.36,0.28,-7.59,2,33.72,-264.52,-1.74,1.08,,True
10.92,24.65,29.22,-6.2,8,3.15,0.81,-0.48,-5.19,2,30.51,-253.52,1.18,0.54,,True
12.13,23.65,29.22,-6.01,69,4.17,1.8,-0.5,-7.59,2,31.17,-241.52,-0.48,0.18,,False
10.15,42.65,21.22,-6.04,59,4.62,5.4,2.86,-2.61,2,31.26,-230.52,7.1,1.06,,True
12.07,39.65,25.22,-6.31,24,4.74,3.15,-0.6,-5.79,2,36.06,-232.52,7.14,0.28,-7.32,True
11.22,34.65,25.22,-6.18,13,0.54,6.21,-1.38,-7.53,2,29.13,-265.52,-1.6,0.86,,False
6.61,-25.35,51.22,-11.46,140,38.4,-4.23,-7.8,-1.26,20,17.79,-421.52,-9.1,14.5,-6.92,False
11.47,30.65,21.22,-5.69,25,4.62,12.27,0.5,-7.89,2,38.34,-233.52,-1.32,1.34,,False
6.32,-5.35,51.22,-11.06,315,40.2,-2.16,-10.54,10.17,20,13.29,-316.52,-10.72,18.7,,True
6.71,-30.35,51.22,-12.46,200,15.9,-1.08,-9.8,10.29,20,15.24,-296.52,-10.34,14.7,-8.65,True
5.9,39.65,31.22,-13.11,90,24.45,5.52,-10.38,8.13,20,13.98,-351.52,-7.88,11.9,-8.97,True
10.35,41.65,25.22,-6.13,72,4.08,7.35,3.52,-2.1,2,31.62,-243.52,1.64,1.8,,True
12.09,24.65,25.22,-5.78,4,4.56,2.13,1.1,-5.73,2,28.41,-243.52,1.36,0.26,,False
6.87,-80.35,71.22,-10.51,205,20.1,-1.11,-9.06,8.55,20,32.64,-276.52,-5.6,12.7,-6.94,False
10.37,18.65,25.22,-5.97,19,1.89,0.66,-1.08,-4.14,2,35.46,-266.52,-1.52,1.92,-8.28,False
10.58,38.65,21.22,-5.96,12,4.65,4.05,-1.6,-10.02,2,34.62,-268.52,-1.04,1.96,,False
12.68,38.65,25.22,-6.39,20,2.7,2.04,1.78,-9.21,2,29.88,-248.52,-1.94,0.58,,True
10.17,12.65,29.22,-6.26,30,5.07,6.39,2.26,-4.68,2,32.67,-245.52,-1.7,1,-8.16,True
10.23,47.65,21.22,-5.99,26,3.75,7.23,-0.1,-5.28,0,27.99,-242.52,-1.76,1.5,-7.8,True
10.64,22.65,25.22,-5.8,26,4.83,1.17,-1.3,-4.41,2,31.56,-238.52,-1.2,0.56,-7.77,False
11.96,21.65,25.22,-5.77,8,4.53,1.38,-1.36,-7.83,2,28.89,-254.52,0.4,1.76,-7.99,True
10.61,28.65,25.22,-5.95,1,5.04,1.05,5.4,-6.45,2,34.32,-269.52,3.5,0.52,-8.1,False
7.02,99.65,31.22,-10.91,265,29.7,4.74,-5.36,3,20,20.7,-336.52,-6.86,10.9,,False
12.3,15.65,29.22,-5.86,36,6,5.34,0.06,-8.97,2,29.19,-246.52,-0.92,0.94,,True
11.4,26.65,29.22,-5.92,43,1.38,1.92,-1.18,-6.57,2,28.62,-237.52,-1.66,1.18,,False
8.08,-50.35,51.22,-11.66,300,22.5,-1.92,-10.06,10.38,20,16.05,-291.52,-8.86,15.5,-8.28,True
10.63,36.65,21.22,-5.86,9,3.09,5.88,0.56,-5.16,2,36.78,-229.52,5.14,0.84,-6.46,False
10.42,46.65,21.22,-6.05,39,3.57,4.71,0.26,-3.81,2,32.43,-260.52,4.78,1.38,-8.79,True
10.88,27.65,29.22,-6.09,1,5.64,2.34,-1.28,-5.07,2,39.54,-254.52,-0.62,0.22,-8.21,True
9.08,44.65,51.22,-10.21,280,19.95,1.56,-9.12,4.62,20,22.26,-296.52,-8.44,14.8,-7.57,False
5.53,89.65,31.22,-13.26,310,35.7,5.22,-9.38,8.13,20,13.47,-436.52,-9.84,14.1,-7.64,False
7.52,114.65,51.22,-13.91,365,17.7,3.93,-11.76,12.75,20,11.85,-371.52,-12.02,15.3,-6.83,False
11.13,15.65,29.22,-5.79,22,4.83,-0.42,-1,-3.9,2,29.82,-242.52,-1.52,0.86,,True
11.26,24.65,29.22,-6.07,35,1.65,6.99,-1.22,-5.01,2,29.37,-232.52,0.86,0.04,-7.04,False
10.35,13.65,25.22,-6.18,75,2.31,1.71,-0.3,-2.67,2,27.66,-244.52,0.54,1.34,,True
11.2,40.65,25.22,-6.27,39,3.96,2.82,-1,-9.9,2,27.48,-268.52,-1.24,1.48,-8.34,True
7.94,54.65,31.22,-13.96,270,25.2,9.3,-11.6,2.22,20,12.36,-461.52,-9.94,17.4,,False
5.42,-35.35,51.22,-14.66,375,16.8,1.38,-11.18,6.63,20,12.75,-406.52,-11.32,10.8,,False
7.02,104.65,51.22,-12.41,130,15.9,8.61,-9.58,9.18,20,15.42,-396.52,-9.26,12.6,-5.19,False
12.72,31.65,21.22,-6.28,11,2.04,1.38,0.6,-4.5,2,28.2,-254.52,1.88,0.3,,False
7.31,29.65,31.22,-10.86,110,24.9,0.45,-7.46,4.14,20,18.96,-221.52,-8.86,10.1,-5.89,False
5.56,29.65,51.22,-13.86,325,16.35,9.78,-11.12,9.81,20,16.35,-346.52,-11.92,14,,False
6.16,79.65,31.22,-12.26,325,36.3,13.23,-11.48,10.44,10,12.3,-416.52,-10.58,17.8,,True
